   0.000000    0.000000    0.000000   50.000019   86.602529 
   0.010000    0.500000    0.866025   49.500019   85.636504 
   0.020000    0.995000    1.722390   49.005018   84.680139 
   0.030000    1.485051    2.569192   48.514968   83.733338 
   0.040000    1.970200    3.406525   48.029819   82.796004 
   0.050000    2.450498    4.234485   47.549520   81.868044 
   0.060000    2.925994    5.053166   47.074025   80.949364 
   0.070000    3.396734    5.862659   46.603285   80.039870 
   0.080000    3.862767    6.663058   46.137252   79.139472 
   0.090000    4.324139    7.454453   45.675880   78.248077 
   0.100000    4.780898    8.236933   45.219121   77.365596 
   0.110000    5.233089    9.010589   44.766930   76.491940 
   0.120000    5.680759    9.775509   44.319260   75.627021 
   0.130000    6.123951   10.531779   43.876068   74.770750 
   0.140000    6.562712   11.279486   43.437307   73.923043 
   0.150000    6.997085   12.018717   43.002934   73.083813 
   0.160000    7.427114   12.749555   42.572905   72.252974 
   0.170000    7.852843   13.472085   42.147176   71.430445 
   0.180000    8.274315   14.186389   41.725704   70.616140 
   0.190000    8.691572   14.892551   41.308447   69.809979 
   0.200000    9.104657   15.590650   40.895362   69.011879 
   0.210000    9.513610   16.280769   40.486409   68.221760 
   0.220000    9.918474   16.962987   40.081545   67.439543 
   0.230000   10.319290   17.637382   39.680729   66.665147 
   0.240000   10.716097   18.304034   39.283922   65.898496 
   0.250000   11.108936   18.963019   38.891083   65.139511 
   0.260000   11.497847   19.614414   38.502172   64.388116 
   0.270000   11.882869   20.258295   38.117150   63.644235 
   0.280000   12.264040   20.894737   37.735979   62.907792 
   0.290000   12.641400   21.523815   37.358619   62.178714 
   0.300000   13.014986   22.145602   36.985033   61.456927 
   0.310000   13.384837   22.760172   36.615182   60.742358 
   0.320000   13.750988   23.367595   36.249030   60.034934 
   0.330000   14.113479   23.967945   35.886540   59.334585 
   0.340000   14.472344   24.561290   35.527675   58.641239 
   0.350000   14.827621   25.147703   35.172398   57.954827 
   0.360000   15.179345   25.727251   34.820674   57.275278 
   0.370000   15.527552   26.300004   34.472467   56.602526 
   0.380000   15.872276   26.866029   34.127743   55.936500 
   0.390000   16.213554   27.425394   33.786465   55.277135 
   0.400000   16.551418   27.978165   33.448601   54.624364 
   0.410000   16.885904   28.524409   33.114115   53.978120 
   0.420000   17.217045   29.064190   32.782973   53.338339 
   0.430000   17.544875   29.597574   32.455144   52.704956 
   0.440000   17.869427   30.124623   32.130592   52.077906 
   0.450000   18.190733   30.645402   31.809286   51.457127 
   0.460000   18.508825   31.159974   31.491193   50.842556 
   0.470000   18.823737   31.668399   31.176282   50.234130 
   0.480000   19.135500   32.170740   30.864519   49.631789 
   0.490000   19.444145   32.667058   30.555874   49.035471 
   0.500000   19.749704   33.157413   30.250315   48.445116 
   0.510000   20.052207   33.641864   29.947812   47.860665 
   0.520000   20.351685   34.120471   29.648334   47.282059 
   0.530000   20.648169   34.593291   29.351850   46.709238 
   0.540000   20.941687   35.060384   29.058332   46.142146 
   0.550000   21.232271   35.521805   28.767748   45.580724 
   0.560000   21.519948   35.977613   28.480071   45.024917 
   0.570000   21.804749   36.427862   28.195270   44.474668 
   0.580000   22.086701   36.872608   27.913317   43.929921 
   0.590000   22.365835   37.311908   27.634184   43.390622 
   0.600000   22.642176   37.745814   27.357842   42.856716 
   0.610000   22.915755   38.174381   27.084264   42.328149 
   0.620000   23.186597   38.597662   26.813421   41.804867 
   0.630000   23.454732   39.015711   26.545287   41.286818 
   0.640000   23.720185   39.428579   26.279834   40.773950 
   0.650000   23.982983   39.836319   26.017036   40.266211 
   0.660000   24.243153   40.238981   25.756866   39.763549 
   0.670000   24.500722   40.636616   25.499297   39.265913 
   0.680000   24.755715   41.029276   25.244304   38.773254 
   0.690000   25.008158   41.417008   24.991861   38.285521 
   0.700000   25.258077   41.799863   24.741942   37.802666 
   0.710000   25.505496   42.177890   24.494523   37.324640 
   0.720000   25.750441   42.551136   24.249578   36.851393 
   0.730000   25.992937   42.919650   24.007082   36.382879 
   0.740000   26.233008   43.283479   23.767011   35.919050 
   0.750000   26.470678   43.642670   23.529341   35.459860 
   0.760000   26.705971   43.997268   23.294048   35.005261 
   0.770000   26.938912   44.347321   23.061107   34.555209 
   0.780000   27.169523   44.692873   22.830496   34.109657 
   0.790000   27.397828   45.033969   22.602191   33.668560 
   0.800000   27.623850   45.370655   22.376169   33.231874 
   0.810000   27.847611   45.702974   22.152407   32.799556 
   0.820000   28.069136   46.030969   21.930883   32.371560 
   0.830000   28.288444   46.354685   21.711575   31.947845 
   0.840000   28.505560   46.674163   21.494459   31.528366 
   0.850000   28.720505   46.989447   21.279514   31.113082 
   0.860000   28.933300   47.300578   21.066719   30.701952 
   0.870000   29.143967   47.607597   20.856052   30.294932 
   0.880000   29.352528   47.910547   20.647491   29.891983 
   0.890000   29.559002   48.209467   20.441016   29.493063 
   0.900000   29.763413   48.504397   20.236606   29.098132 
   0.910000   29.965779   48.795378   20.034240   28.707151 
   0.920000   30.166121   49.082450   19.833898   28.320079 
   0.930000   30.364460   49.365651   19.635559   27.936879 
   0.940000   30.560816   49.645020   19.439203   27.557510 
   0.950000   30.755208   49.920595   19.244811   27.181935 
   0.960000   30.947656   50.192414   19.052363   26.810115 
   0.970000   31.138179   50.460515   18.861839   26.442014 
   0.980000   31.326798   50.724935   18.673221   26.077594 
   0.990000   31.513530   50.985711   18.486489   25.716818 
   1.000000   31.698395   51.242879   18.301624   25.359650 
   1.010000   31.881411   51.496476   18.118608   25.006054 
   1.020000   32.062597   51.746536   17.937422   24.655993 
   1.030000   32.241971   51.993096   17.758047   24.309433 
   1.040000   32.419552   52.236191   17.580467   23.966339 
   1.050000   32.595357   52.475854   17.404662   23.626675 
   1.060000   32.769403   52.712121   17.230616   23.290409 
   1.070000   32.941709   52.945025   17.058310   22.957505 
   1.080000   33.112292   53.174600   16.887726   22.627929 
   1.090000   33.281170   53.400879   16.718849   22.301650 
   1.100000   33.448358   53.623896   16.551661   21.978634 
   1.110000   33.613875   53.843682   16.386144   21.658847 
   1.120000   33.777736   54.060271   16.222283   21.342259 
   1.130000   33.939959   54.273693   16.060060   21.028836 
   1.140000   34.100560   54.483982   15.899459   20.718548 
   1.150000   34.259554   54.691167   15.740465   20.411362 
   1.160000   34.416959   54.895281   15.583060   20.107249 
   1.170000   34.572790   55.096353   15.427229   19.806176 
   1.180000   34.727062   55.294415   15.272957   19.508115 
   1.190000   34.879791   55.489496   15.120227   19.213033 
   1.200000   35.030994   55.681626   14.969025   18.920903 
   1.210000   35.180684   55.870835   14.819335   18.631694 
   1.220000   35.328877   56.057152   14.671142   18.345377 
   1.230000   35.475589   56.240606   14.524430   18.061923 
   1.240000   35.620833   56.421225   14.379186   17.781304 
   1.250000   35.764625   56.599038   14.235394   17.503491 
   1.260000   35.906979   56.774073   14.093040   17.228456 
   1.270000   36.047909   56.946358   13.952110   16.956172 
   1.280000   36.187430   57.115920   13.812589   16.686610 
   1.290000   36.325556   57.282786   13.674463   16.419744 
   1.300000   36.462301   57.446983   13.537718   16.155546 
   1.310000   36.597678   57.608539   13.402341   15.893991 
   1.320000   36.731701   57.767479   13.268317   15.635051 
   1.330000   36.864385   57.923829   13.135634   15.378700 
   1.340000   36.995741   58.077616   13.004278   15.124913 
   1.350000   37.125784   58.228865   12.874235   14.873664 
   1.360000   37.254526   58.377602   12.745493   14.624928 
   1.370000   37.381981   58.523851   12.618038   14.378678 
   1.380000   37.508161   58.667638   12.491858   14.134892 
   1.390000   37.633080   58.808987   12.366939   13.893543 
   1.400000   37.756749   58.947922   12.243270   13.654607 
   1.410000   37.879182   59.084468   12.120837   13.418061 
   1.420000   38.000390   59.218649   11.999629   13.183881 
   1.430000   38.120387   59.350488   11.879632   12.952042 
   1.440000   38.239183   59.480008   11.760836   12.722521 
   1.450000   38.356791   59.607233   11.643228   12.495296 
   1.460000   38.473224   59.732186   11.526795   12.270343 
   1.470000   38.588492   59.854890   11.411527   12.047640 
   1.480000   38.702607   59.975366   11.297412   11.827163 
   1.490000   38.815581   60.093638   11.184438   11.608892 
   1.500000   38.927425   60.209727   11.072594   11.392803 
   1.510000   39.038151   60.323655   10.961868   11.178875 
   1.520000   39.147770   60.435443   10.852249   10.967086 
   1.530000   39.256292   60.545114   10.743726   10.757415 
   1.540000   39.363730   60.652688   10.636289   10.549841 
   1.550000   39.470093   60.758187   10.529926   10.344343 
   1.560000   39.575392   60.861630   10.424627   10.140899 
   1.570000   39.679638   60.963039   10.320381    9.939490 
   1.580000   39.782842   61.062434   10.217177    9.740095 
   1.590000   39.885014   61.159835   10.115005    9.542694 
   1.600000   39.986164   61.255262   10.013855    9.347267 
   1.610000   40.086302   61.348735    9.913717    9.153795 
   1.620000   40.185439   61.440273    9.814579    8.962257 
   1.630000   40.283585   61.529895    9.716434    8.772634 
   1.640000   40.380750   61.617622    9.619269    8.584908 
   1.650000   40.476942   61.703471    9.523077    8.399059 
   1.660000   40.572173   61.787461    9.427846    8.215068 
   1.670000   40.666452   61.869612    9.333567    8.032918 
   1.680000   40.759787   61.949941    9.240232    7.852588 
   1.690000   40.852190   62.028467    9.147829    7.674062 
   1.700000   40.943668   62.105208    9.056351    7.497322 
   1.710000   41.034231   62.180181    8.965788    7.322349 
   1.720000   41.123889   62.253404    8.876130    7.149125 
   1.730000   41.212650   62.324896    8.787368    6.977634 
   1.740000   41.300524   62.394672    8.699495    6.807858 
   1.750000   41.387519   62.462751    8.612500    6.639779 
   1.760000   41.473644   62.529148    8.526375    6.473381 
   1.770000   41.558908   62.593882    8.441111    6.308647 
   1.780000   41.643319   62.656969    8.356700    6.145561 
   1.790000   41.726886   62.718424    8.273133    5.984105 
   1.800000   41.809617   62.778265    8.190402    5.824264 
   1.810000   41.891521   62.836508    8.108498    5.666022 
   1.820000   41.972606   62.893168    8.027413    5.509361 
   1.830000   42.052880   62.948262    7.947138    5.354268 
   1.840000   42.132352   63.001804    7.867667    5.200725 
   1.850000   42.211028   63.053812    7.788990    5.048718 
   1.860000   42.288918   63.104299    7.711100    4.898231 
   1.870000   42.366029   63.153281    7.633989    4.749248 
   1.880000   42.442369   63.200774    7.557650    4.601756 
   1.890000   42.517946   63.246791    7.482073    4.455738 
   1.900000   42.592766   63.291349    7.407252    4.311181 
   1.910000   42.666839   63.334460    7.333180    4.168069 
   1.920000   42.740171   63.376141    7.259848    4.026388 
   1.930000   42.812769   63.416405    7.187250    3.886125 
   1.940000   42.884642   63.455266    7.115377    3.747263 
   1.950000   42.955796   63.492739    7.044223    3.609791 
   1.960000   43.026238   63.528837    6.973781    3.473693 
   1.970000   43.095976   63.563574    6.904043    3.338956 
   1.980000   43.165016   63.596963    6.835003    3.205566 
   1.990000   43.233366   63.629019    6.766653    3.073511 
   2.000000   43.301033   63.659754    6.698986    2.942775 
   2.010000   43.368022   63.689182    6.631996    2.813348 
   2.020000   43.434342   63.717315    6.565676    2.685214 
   2.030000   43.499999   63.744167    6.500020    2.558362 
   2.040000   43.564999   63.769751    6.435019    2.432778 
   2.050000   43.629350   63.794079    6.370669    2.308451 
   2.060000   43.693056   63.817163    6.306963    2.185366 
   2.070000   43.756126   63.839017    6.243893    2.063513 
   2.080000   43.818565   63.859652    6.181454    1.942877 
   2.090000   43.880379   63.879081    6.119639    1.823449 
   2.100000   43.941576   63.897315    6.058443    1.705214 
   2.110000   44.002160   63.914367    5.997859    1.588162 
   2.120000   44.062139   63.930249    5.937880    1.472280 
   2.130000   44.121518   63.944972    5.878501    1.357558 
   2.140000   44.180303   63.958547    5.819716    1.243982 
   2.150000   44.238500   63.970987    5.761519    1.131542 
   2.160000   44.296115   63.982303    5.703904    1.020227 
   2.170000   44.353154   63.992505    5.646865    0.910025 
   2.180000   44.409623   64.001605    5.590396    0.800924 
   2.190000   44.465527   64.009614    5.534492    0.692915 
   2.200000   44.520872   64.016544    5.479147    0.585986 
   2.210000   44.575663   64.022403    5.424356    0.480126 
   2.220000   44.629907   64.027205    5.370112    0.375325 
   2.230000   44.683608   64.030958    5.316411    0.271571 
   2.240000   44.736772   64.033674    5.263247    0.168856 
   2.250000   44.789404   64.035362    5.210615    0.067167 
   2.260000   44.841510   64.036034    5.158508   -0.033504 
   2.270000   44.893095   64.035699    5.106923   -0.133169 
   2.280000   44.944165   64.034367    5.055854   -0.231838 
   2.290000   44.994723   64.032049    5.005296   -0.329519 
   2.300000   45.044776   64.028754    4.955243   -0.426224 
   2.310000   45.094329   64.024491    4.905690   -0.521962 
   2.320000   45.143386   64.019272    4.856633   -0.616742 
   2.330000   45.191952   64.013104    4.808067   -0.710575 
   2.340000   45.240033   64.005999    4.759986   -0.803469 
   2.350000   45.287632   63.997964    4.712386   -0.895434 
   2.360000   45.334756   63.989010    4.665263   -0.986480 
   2.370000   45.381409   63.979145    4.618610   -1.076615 
   2.380000   45.427595   63.968379    4.572424   -1.165849 
   2.390000   45.473319   63.956720    4.526700   -1.254191 
   2.400000   45.518586   63.944178    4.481433   -1.341649 
   2.410000   45.563401   63.930762    4.436618   -1.428232 
   2.420000   45.607767   63.916479    4.392252   -1.513950 
   2.430000   45.651689   63.901340    4.348330   -1.598810 
   2.440000   45.695173   63.885352    4.304846   -1.682822 
   2.450000   45.738221   63.868524    4.261798   -1.765994 
   2.460000   45.780839   63.850864    4.219180   -1.848334 
   2.470000   45.823031   63.832380    4.176988   -1.929851 
   2.480000   45.864801   63.813082    4.135218   -2.010552 
   2.490000   45.906153   63.792976    4.093866   -2.090447 
   2.500000   45.947092   63.772072    4.052927   -2.169542 
   2.510000   45.987621   63.750376    4.012398   -2.247847 
   2.520000   46.027745   63.727898    3.972274   -2.325368 
   2.530000   46.067468   63.704644    3.932551   -2.402115 
   2.540000   46.106793   63.680623    3.893226   -2.478094 
   2.550000   46.145725   63.655842    3.854294   -2.553313 
   2.560000   46.184268   63.630309    3.815751   -2.627780 
   2.570000   46.222426   63.604031    3.777593   -2.701502 
   2.580000   46.260202   63.577016    3.739817   -2.774487 
   2.590000   46.297600   63.549271    3.702419   -2.846742 
   2.600000   46.334624   63.520804    3.665395   -2.918274 
   2.610000   46.371278   63.491621    3.628741   -2.989092 
   2.620000   46.407565   63.461730    3.592453   -3.059201 
   2.630000   46.443490   63.431138    3.556529   -3.128609 
   2.640000   46.479055   63.399852    3.520964   -3.197323 
   2.650000   46.514265   63.367879    3.485754   -3.265349 
   2.660000   46.549122   63.335225    3.450896   -3.332696 
   2.670000   46.583631   63.301898    3.416388   -3.399369 
   2.680000   46.617795   63.267905    3.382224   -3.465375 
   2.690000   46.651617   63.233251    3.348401   -3.530722 
   2.700000   46.685101   63.197944    3.314917   -3.595414 
   2.710000   46.718251   63.161990    3.281768   -3.659460 
   2.720000   46.751068   63.125395    3.248951   -3.722866 
   2.730000   46.783558   63.088166    3.216461   -3.785637 
   2.740000   46.815722   63.050310    3.184296   -3.847781 
   2.750000   46.847565   63.011832    3.152453   -3.909303 
   2.760000   46.879090   62.972739    3.120929   -3.970210 
   2.770000   46.910299   62.933037    3.089720   -4.030508 
   2.780000   46.941196   62.892732    3.058822   -4.090203 
   2.790000   46.971785   62.851830    3.028234   -4.149301 
   2.800000   47.002067   62.810337    2.997952   -4.207808 
   2.810000   47.032047   62.768259    2.967972   -4.265729 
   2.820000   47.061726   62.725602    2.938293   -4.323072 
   2.830000   47.091109   62.682371    2.908910   -4.379841 
   2.840000   47.120198   62.638572    2.879821   -4.436043 
   2.850000   47.148996   62.594212    2.851022   -4.491683 
   2.860000   47.177507   62.549295    2.822512   -4.546766 
   2.870000   47.205732   62.503828    2.794287   -4.601298 
   2.880000   47.233675   62.457815    2.766344   -4.655285 
   2.890000   47.261338   62.411262    2.738681   -4.708732 
   2.900000   47.288725   62.364174    2.711294   -4.761645 
   2.910000   47.315838   62.316558    2.684181   -4.814028 
   2.920000   47.342680   62.268418    2.657339   -4.865888 
   2.930000   47.369253   62.219759    2.630766   -4.917229 
   2.940000   47.395561   62.170587    2.604458   -4.968057 
   2.950000   47.421605   62.120906    2.578414   -5.018376 
   2.960000   47.447389   62.070722    2.552629   -5.068193 
   2.970000   47.472916   62.020040    2.527103   -5.117511 
   2.980000   47.498187   61.968865    2.501832   -5.166336 
   2.990000   47.523205   61.917202    2.476814   -5.214672 
   3.000000   47.547973   61.865055    2.452046   -5.262526 
   3.010000   47.572494   61.812430    2.427525   -5.309900 
   3.020000   47.596769   61.759331    2.403250   -5.356801 
   3.030000   47.620801   61.705763    2.379217   -5.403233 
   3.040000   47.644594   61.651730    2.355425   -5.449201 
   3.050000   47.668148   61.597238    2.331871   -5.494709 
   3.060000   47.691467   61.542291    2.308552   -5.539762 
   3.070000   47.714552   61.486894    2.285467   -5.584364 
   3.080000   47.737407   61.431050    2.262612   -5.628521 
   3.090000   47.760033   61.374765    2.239986   -5.672235 
   3.100000   47.782433   61.318043    2.217586   -5.715513 
   3.110000   47.804609   61.260887    2.195410   -5.758358 
   3.120000   47.826563   61.203304    2.173456   -5.800774 
   3.130000   47.848297   61.145296    2.151722   -5.842767 
   3.140000   47.869814   61.086868    2.130204   -5.884339 
   3.150000   47.891117   61.028025    2.108902   -5.925496 
   3.160000   47.912206   60.968770    2.087813   -5.966241 
   3.170000   47.933084   60.909108    2.066935   -6.006578 
   3.180000   47.953753   60.849042    2.046266   -6.046512 
   3.190000   47.974216   60.788577    2.025803   -6.086047 
   3.200000   47.994474   60.727716    2.005545   -6.125187 
   3.210000   48.014529   60.666464    1.985490   -6.163935 
   3.220000   48.034384   60.604825    1.965635   -6.202296 
   3.230000   48.054040   60.542802    1.945978   -6.240273 
   3.240000   48.073500   60.480399    1.926519   -6.277870 
   3.250000   48.092765   60.417621    1.907253   -6.315091 
   3.260000   48.111838   60.354470    1.888181   -6.351940 
   3.270000   48.130720   60.290950    1.869299   -6.388421 
   3.280000   48.149413   60.227066    1.850606   -6.424537 
   3.290000   48.167919   60.162821    1.832100   -6.460291 
   3.300000   48.186240   60.098218    1.813779   -6.495688 
   3.310000   48.204378   60.033261    1.795641   -6.530732 
   3.320000   48.222334   59.967954    1.777685   -6.565424 
   3.330000   48.240111   59.902299    1.759908   -6.599770 
   3.340000   48.257710   59.836302    1.742309   -6.633772 
   3.350000   48.275133   59.769964    1.724886   -6.667435 
   3.360000   48.292382   59.703290    1.707637   -6.700760 
   3.370000   48.309458   59.636282    1.690561   -6.733753 
   3.380000   48.326364   59.568945    1.673655   -6.766415 
   3.390000   48.343100   59.501280    1.656918   -6.798751 
   3.400000   48.359670   59.433293    1.640349   -6.830763 
   3.410000   48.376073   59.364985    1.623946   -6.862456 
   3.420000   48.392313   59.296361    1.607706   -6.893831 
   3.430000   48.408390   59.227422    1.591629   -6.924893 
   3.440000   48.424306   59.158173    1.575713   -6.955644 
   3.450000   48.440063   59.088617    1.559956   -6.986088 
   3.460000   48.455663   59.018756    1.544356   -7.016227 
   3.470000   48.471106   58.948594    1.528913   -7.046064 
   3.480000   48.486395   58.878133    1.513624   -7.075604 
   3.490000   48.501532   58.807377    1.498487   -7.104848 
   3.500000   48.516516   58.736329    1.483502   -7.133799 
   3.510000   48.531351   58.664991    1.468667   -7.162461 
   3.520000   48.546038   58.593366    1.453981   -7.190837 
   3.530000   48.560578   58.521458    1.439441   -7.218928 
   3.540000   48.574972   58.449268    1.425047   -7.246739 
   3.550000   48.589223   58.376801    1.410796   -7.274272 
   3.560000   48.603331   58.304058    1.396688   -7.301529 
   3.570000   48.617298   58.231043    1.382721   -7.328514 
   3.580000   48.631125   58.157758    1.368894   -7.355228 
   3.590000   48.644814   58.084206    1.355205   -7.381676 
   3.600000   48.658366   58.010389    1.341653   -7.407859 
   3.610000   48.671782   57.936310    1.328237   -7.433781 
   3.620000   48.685065   57.861972    1.314954   -7.459443 
   3.630000   48.698214   57.787378    1.301805   -7.484849 
   3.640000   48.711232   57.712530    1.288787   -7.510000 
   3.650000   48.724120   57.637430    1.275899   -7.534900 
   3.660000   48.736879   57.562081    1.263140   -7.559551 
   3.670000   48.749511   57.486485    1.250508   -7.583956 
   3.680000   48.762016   57.410646    1.238003   -7.608116 
   3.690000   48.774396   57.334564    1.225623   -7.632035 
   3.700000   48.786652   57.258244    1.213367   -7.655715 
   3.710000   48.798786   57.181687    1.201233   -7.679157 
   3.720000   48.810798   57.104895    1.189221   -7.702366 
   3.730000   48.822690   57.027872    1.177329   -7.725342 
   3.740000   48.834463   56.950618    1.165555   -7.748089 
   3.750000   48.846119   56.873137    1.153900   -7.770608 
   3.760000   48.857658   56.795431    1.142361   -7.792902 
   3.770000   48.869082   56.717502    1.130937   -7.814973 
   3.780000   48.880391   56.639352    1.119628   -7.836823 
   3.790000   48.891587   56.560984    1.108432   -7.858455 
   3.800000   48.902672   56.482400    1.097347   -7.879870 
   3.810000   48.913645   56.403601    1.086374   -7.901072 
   3.820000   48.924509   56.324590    1.075510   -7.922061 
   3.830000   48.935264   56.245370    1.064755   -7.942840 
   3.840000   48.945911   56.165941    1.054107   -7.963412 
   3.850000   48.956452   56.086307    1.043566   -7.983778 
   3.860000   48.966888   56.006469    1.033131   -8.003940 
   3.870000   48.977219   55.926430    1.022799   -8.023901 
   3.880000   48.987447   55.846191    1.012571   -8.043661 
   3.890000   48.997573   55.765754    1.002446   -8.063225 
   3.900000   49.007598   55.685122    0.992421   -8.082593 
   3.910000   49.017522   55.604296    0.982497   -8.101767 
   3.920000   49.027347   55.523279    0.972672   -8.120749 
   3.930000   49.037074   55.442071    0.962945   -8.139542 
   3.940000   49.046703   55.360676    0.953316   -8.158146 
   3.950000   49.056236   55.279094    0.943783   -8.176565 
   3.960000   49.065674   55.197329    0.934345   -8.194799 
   3.970000   49.075017   55.115381    0.925001   -8.212851 
   3.980000   49.084267   55.033252    0.915751   -8.230723 
   3.990000   49.093425   54.950945    0.906594   -8.248415 
   4.000000   49.102491   54.868461    0.897528   -8.265931 
   4.010000   49.111466   54.785801    0.888553   -8.283272 
   4.020000   49.120352   54.702969    0.879667   -8.300439 
   4.030000   49.129148   54.619964    0.870871   -8.317435 
   4.040000   49.137857   54.536790    0.862162   -8.334260 
   4.050000   49.146479   54.453447    0.853540   -8.350918 
   4.060000   49.155014   54.369938    0.845005   -8.367409 
   4.070000   49.163464   54.286264    0.836555   -8.383735 
   4.080000   49.171830   54.202427    0.828189   -8.399897 
   4.090000   49.180112   54.118428    0.819907   -8.415898 
   4.100000   49.188311   54.034269    0.811708   -8.431739 
   4.110000   49.196428   53.949951    0.803591   -8.447422 
   4.120000   49.204464   53.865477    0.795555   -8.462948 
   4.130000   49.212419   53.780848    0.787600   -8.478318 
   4.140000   49.220295   53.696064    0.779724   -8.493535 
   4.150000   49.228092   53.611129    0.771926   -8.508600 
   4.160000   49.235812   53.526043    0.764207   -8.523514 
   4.170000   49.243454   53.440808    0.756565   -8.538278 
   4.180000   49.251019   53.355425    0.748999   -8.552896 
   4.190000   49.258509   53.269896    0.741509   -8.567367 
   4.200000   49.265924   53.184223    0.734094   -8.581693 
   4.210000   49.273265   53.098406    0.726753   -8.595876 
   4.220000   49.280533   53.012447    0.719486   -8.609917 
   4.230000   49.287728   52.926348    0.712291   -8.623818 
   4.240000   49.294851   52.840109    0.705168   -8.637580 
   4.250000   49.301902   52.753734    0.698116   -8.651204 
   4.260000   49.308884   52.667222    0.691135   -8.664692 
   4.270000   49.315795   52.580575    0.684224   -8.678045 
   4.280000   49.322637   52.493794    0.677382   -8.691265 
   4.290000   49.329411   52.406882    0.670608   -8.704352 
   4.300000   49.336117   52.319838    0.663902   -8.717309 
   4.310000   49.342756   52.232665    0.657263   -8.730136 
   4.320000   49.349329   52.145364    0.650690   -8.742834 
   4.330000   49.355836   52.057935    0.644183   -8.755406 
   4.340000   49.362277   51.970381    0.637741   -8.767852 
   4.350000   49.368655   51.882703    0.631364   -8.780173 
   4.360000   49.374969   51.794901    0.625050   -8.792372 
   4.370000   49.381219   51.706977    0.618800   -8.804448 
   4.380000   49.387407   51.618933    0.612612   -8.816403 
   4.390000   49.393533   51.530769    0.606486   -8.828239 
   4.400000   49.399598   51.442486    0.600421   -8.839957 
   4.410000   49.405602   51.354087    0.594417   -8.851557 
   4.420000   49.411546   51.265571    0.588473   -8.863042 
   4.430000   49.417431   51.176941    0.582588   -8.874411 
   4.440000   49.423257   51.088197    0.576762   -8.885667 
   4.450000   49.429025   50.999340    0.570994   -8.896811 
   4.460000   49.434735   50.910372    0.565284   -8.907842 
   4.470000   49.440387   50.821294    0.559632   -8.918764 
   4.480000   49.445984   50.732106    0.554035   -8.929576 
   4.490000   49.451524   50.642810    0.548495   -8.940281 
   4.500000   49.457009   50.553407    0.543010   -8.950878 
   4.510000   49.462439   50.463899    0.537580   -8.961369 
   4.520000   49.467815   50.374285    0.532204   -8.971755 
   4.530000   49.473137   50.284567    0.526882   -8.982038 
   4.540000   49.478406   50.194747    0.521613   -8.992217 
   4.550000   49.483622   50.104825    0.516397   -9.002295 
   4.560000   49.488786   50.014802    0.511233   -9.012272 
   4.570000   49.493898   49.924679    0.506121   -9.022150 
   4.580000   49.498959   49.834458    0.501059   -9.031928 
   4.590000   49.503970   49.744138    0.496049   -9.041609 
   4.600000   49.508930   49.653722    0.491088   -9.051193 
   4.610000   49.513841   49.563210    0.486178   -9.060681 
   4.620000   49.518703   49.472603    0.481316   -9.070074 
   4.630000   49.523516   49.381903    0.476503   -9.079373 
   4.640000   49.528281   49.291109    0.471738   -9.088580 
   4.650000   49.532999   49.200223    0.467020   -9.097694 
   4.660000   49.537669   49.109246    0.462350   -9.106717 
   4.670000   49.542292   49.018179    0.457726   -9.115650 
   4.680000   49.546870   48.927023    0.453149   -9.124493 
   4.690000   49.551401   48.835778    0.448618   -9.133248 
   4.700000   49.555887   48.744445    0.444132   -9.141916 
   4.710000   49.560329   48.653026    0.439690   -9.150497 
   4.720000   49.564726   48.561521    0.435293   -9.158992 
   4.730000   49.569078   48.469931    0.430940   -9.167402 
   4.740000   49.573388   48.378257    0.426631   -9.175728 
   4.750000   49.577654   48.286500    0.422365   -9.183970 
   4.760000   49.581878   48.194660    0.418141   -9.192131 
   4.770000   49.586059   48.102739    0.413960   -9.200209 
   4.780000   49.590199   48.010737    0.409820   -9.208207 
   4.790000   49.594297   47.918655    0.405722   -9.216125 
   4.800000   49.598354   47.826493    0.401665   -9.223964 
   4.810000   49.602371   47.734254    0.397648   -9.231724 
   4.820000   49.606347   47.641937    0.393671   -9.239407 
   4.830000   49.610284   47.549542    0.389735   -9.247013 
   4.840000   49.614181   47.457072    0.385837   -9.254543 
   4.850000   49.618040   47.364527    0.381979   -9.261997 
   4.860000   49.621860   47.271907    0.378159   -9.269377 
   4.870000   49.625641   47.179213    0.374378   -9.276684 
   4.880000   49.629385   47.086446    0.370634   -9.283917 
   4.890000   49.633091   46.993607    0.366928   -9.291078 
   4.900000   49.636761   46.900696    0.363258   -9.298167 
   4.910000   49.640393   46.807715    0.359626   -9.305185 
   4.920000   49.643989   46.714663    0.356029   -9.312133 
   4.930000   49.647550   46.621542    0.352469   -9.319012 
   4.940000   49.651074   46.528351    0.348944   -9.325822 
   4.950000   49.654564   46.435093    0.345455   -9.332564 
   4.960000   49.658018   46.341768    0.342000   -9.339238 
   4.970000   49.661438   46.248375    0.338580   -9.345846 
   4.980000   49.664824   46.154917    0.335195   -9.352387 
   4.990000   49.668176   46.061393    0.331843   -9.358863 
   5.000000   49.671495   45.967804    0.328524   -9.365275 
   5.010000   49.674780   45.874151    0.325239   -9.371622 
   5.020000   49.678032   45.780435    0.321987   -9.377906 
   5.030000   49.681252   45.686656    0.318767   -9.384127 
   5.040000   49.684440   45.592815    0.315579   -9.390285 
   5.050000   49.687596   45.498912    0.312423   -9.396383 
   5.060000   49.690720   45.404948    0.309299   -9.402419 
   5.070000   49.693813   45.310924    0.306206   -9.408395 
   5.080000   49.696875   45.216840    0.303144   -9.414311 
   5.090000   49.699906   45.122697    0.300113   -9.420168 
   5.100000   49.702907   45.028495    0.297111   -9.425966 
   5.110000   49.705879   44.934236    0.294140   -9.431706 
   5.120000   49.708820   44.839919    0.291199   -9.437389 
   5.130000   49.711732   44.745545    0.288287   -9.443015 
   5.140000   49.714615   44.651115    0.285404   -9.448585 
   5.150000   49.717469   44.556629    0.282550   -9.454099 
   5.160000   49.720294   44.462088    0.279725   -9.459558 
   5.170000   49.723092   44.367492    0.276927   -9.464963 
   5.180000   49.725861   44.272843    0.274158   -9.470313 
   5.190000   49.728602   44.178139    0.271416   -9.475610 
   5.200000   49.731317   44.083383    0.268702   -9.480854 
   5.210000   49.734004   43.988575    0.266015   -9.486045 
   5.220000   49.736664   43.893714    0.263355   -9.491185 
   5.230000   49.739297   43.798802    0.260722   -9.496273 
   5.240000   49.741905   43.703840    0.258114   -9.501310 
   5.250000   49.744486   43.608827    0.255533   -9.506297 
   5.260000   49.747041   43.513764    0.252978   -9.511234 
   5.270000   49.749571   43.418651    0.250448   -9.516122 
   5.280000   49.752075   43.323490    0.247944   -9.520961 
   5.290000   49.754555   43.228280    0.245464   -9.525751 
   5.300000   49.757009   43.133023    0.243010   -9.530493 
   5.310000   49.759439   43.037718    0.240579   -9.535189 
   5.320000   49.761845   42.942366    0.238174   -9.539837 
   5.330000   49.764227   42.846968    0.235792   -9.544438 
   5.340000   49.766585   42.751523    0.233434   -9.548994 
   5.350000   49.768919   42.656033    0.231100   -9.553504 
   5.360000   49.771230   42.560498    0.228789   -9.557969 
   5.370000   49.773518   42.464919    0.226501   -9.562389 
   5.380000   49.775783   42.369295    0.224236   -9.566765 
   5.390000   49.778025   42.273627    0.221993   -9.571098 
   5.400000   49.780245   42.177916    0.219773   -9.575387 
   5.410000   49.782443   42.082162    0.217576   -9.579633 
   5.420000   49.784619   41.986366    0.215400   -9.583837 
   5.430000   49.786773   41.890528    0.213246   -9.587998 
   5.440000   49.788905   41.794648    0.211114   -9.592118 
   5.450000   49.791016   41.698726    0.209002   -9.596197 
   5.460000   49.793107   41.602765    0.206912   -9.600235 
   5.470000   49.795176   41.506762    0.204843   -9.604233 
   5.480000   49.797224   41.410720    0.202795   -9.608190 
   5.490000   49.799252   41.314638    0.200767   -9.612108 
   5.500000   49.801260   41.218517    0.198759   -9.615987 
   5.510000   49.803247   41.122357    0.196772   -9.619827 
   5.520000   49.805215   41.026159    0.194804   -9.623629 
   5.530000   49.807163   40.929922    0.192856   -9.627393 
   5.540000   49.809092   40.833648    0.190927   -9.631119 
   5.550000   49.811001   40.737337    0.189018   -9.634808 
   5.560000   49.812891   40.640989    0.187128   -9.638460 
   5.570000   49.814762   40.544605    0.185257   -9.642075 
   5.580000   49.816615   40.448184    0.183404   -9.645654 
   5.590000   49.818449   40.351727    0.181570   -9.649198 
   5.600000   49.820265   40.255235    0.179754   -9.652706 
   5.610000   49.822062   40.158708    0.177957   -9.656179 
   5.620000   49.823842   40.062146    0.176177   -9.659617 
   5.630000   49.825604   39.965550    0.174415   -9.663021 
   5.640000   49.827348   39.868920    0.172671   -9.666391 
   5.650000   49.829074   39.772256    0.170944   -9.669727 
   5.660000   49.830784   39.675559    0.169235   -9.673029 
   5.670000   49.832476   39.578829    0.167543   -9.676299 
   5.680000   49.834152   39.482066    0.165867   -9.679536 
   5.690000   49.835810   39.385270    0.164209   -9.682741 
   5.700000   49.837452   39.288443    0.162567   -9.685913 
   5.710000   49.839078   39.191584    0.160941   -9.689054 
   5.720000   49.840687   39.094693    0.159331   -9.692164 
   5.730000   49.842281   38.997772    0.157738   -9.695242 
   5.740000   49.843858   38.900819    0.156161   -9.698290 
   5.750000   49.845420   38.803836    0.154599   -9.701307 
   5.760000   49.846966   38.706823    0.153053   -9.704294 
   5.770000   49.848496   38.609780    0.151523   -9.707251 
   5.780000   49.850011   38.512708    0.150007   -9.710178 
   5.790000   49.851512   38.415606    0.148507   -9.713076 
   5.800000   49.852997   38.318475    0.147022   -9.715946 
   5.810000   49.854467   38.221316    0.145552   -9.718786 
   5.820000   49.855922   38.124128    0.144096   -9.721598 
   5.830000   49.857363   38.026912    0.142656   -9.724382 
   5.840000   49.858790   37.929668    0.141229   -9.727139 
   5.850000   49.860202   37.832397    0.139817   -9.729867 
   5.860000   49.861600   37.735098    0.138419   -9.732569 
   5.870000   49.862985   37.637772    0.137034   -9.735243 
   5.880000   49.864355   37.540420    0.135664   -9.737890 
   5.890000   49.865712   37.443041    0.134307   -9.740511 
   5.900000   49.867055   37.345636    0.132964   -9.743106 
   5.910000   49.868384   37.248205    0.131635   -9.745675 
   5.920000   49.869701   37.150748    0.130318   -9.748219 
   5.930000   49.871004   37.053266    0.129015   -9.750736 
   5.940000   49.872294   36.955759    0.127725   -9.753229 
   5.950000   49.873571   36.858226    0.126448   -9.755697 
   5.960000   49.874836   36.760669    0.125183   -9.758140 
   5.970000   49.876087   36.663088    0.123931   -9.760558 
   5.980000   49.877327   36.565482    0.122692   -9.762953 
   5.990000   49.878554   36.467853    0.121465   -9.765323 
   6.000000   49.879768   36.370200    0.120251   -9.767670 
   6.010000   49.880971   36.272523    0.119048   -9.769993 
   6.020000   49.882161   36.174823    0.117858   -9.772293 
   6.030000   49.883340   36.077100    0.116679   -9.774570 
   6.040000   49.884507   35.979354    0.115512   -9.776825 
   6.050000   49.885662   35.881586    0.114357   -9.779056 
   6.060000   49.886805   35.783795    0.113213   -9.781266 
   6.070000   49.887938   35.685983    0.112081   -9.783453 
   6.080000   49.889058   35.588148    0.110961   -9.785619 
   6.090000   49.890168   35.490292    0.109851   -9.787763 
   6.100000   49.891266   35.392414    0.108752   -9.789885 
   6.110000   49.892354   35.294516    0.107665   -9.791986 
   6.120000   49.893431   35.196596    0.106588   -9.794066 
   6.130000   49.894497   35.098655    0.105522   -9.796126 
   6.140000   49.895552   35.000694    0.104467   -9.798164 
   6.150000   49.896596   34.902712    0.103422   -9.800183 
   6.160000   49.897631   34.804710    0.102388   -9.802181 
   6.170000   49.898655   34.706689    0.101364   -9.804159 
   6.180000   49.899668   34.608647    0.100351   -9.806117 
   6.190000   49.900672   34.510586    0.099347   -9.808056 
   6.200000   49.901665   34.412505    0.098354   -9.809976 
   6.210000   49.902649   34.314405    0.097370   -9.811876 
   6.220000   49.903622   34.216287    0.096396   -9.813757 
   6.230000   49.904586   34.118149    0.095433   -9.815620 
   6.240000   49.905541   34.019993    0.094478   -9.817463 
   6.250000   49.906485   33.921818    0.093533   -9.819289 
   6.260000   49.907421   33.823625    0.092598   -9.821096 
   6.270000   49.908347   33.725414    0.091672   -9.822885 
   6.280000   49.909263   33.627186    0.090755   -9.824656 
   6.290000   49.910171   33.528939    0.089848   -9.826410 
   6.300000   49.911070   33.430675    0.088949   -9.828145 
   6.310000   49.911959   33.332393    0.088060   -9.829864 
   6.320000   49.912840   33.234095    0.087179   -9.831565 
   6.330000   49.913711   33.135779    0.086307   -9.833250 
   6.340000   49.914574   33.037447    0.085444   -9.834917 
   6.350000   49.915429   32.939097    0.084590   -9.836568 
   6.360000   49.916275   32.840732    0.083744   -9.838202 
   6.370000   49.917112   32.742350    0.082907   -9.839820 
   6.380000   49.917941   32.643952    0.082078   -9.841422 
   6.390000   49.918762   32.545537    0.081257   -9.843008 
   6.400000   49.919575   32.447107    0.080444   -9.844578 
   6.410000   49.920379   32.348662    0.079640   -9.846132 
   6.420000   49.921176   32.250200    0.078843   -9.847671 
   6.430000   49.921964   32.151723    0.078055   -9.849194 
   6.440000   49.922744   32.053232    0.077274   -9.850702 
   6.450000   49.923517   31.954725    0.076502   -9.852195 
   6.460000   49.924282   31.856203    0.075737   -9.853673 
   6.470000   49.925040   31.757666    0.074979   -9.855136 
   6.480000   49.925789   31.659114    0.074229   -9.856585 
   6.490000   49.926532   31.560549    0.073487   -9.858019 
   6.500000   49.927267   31.461968    0.072752   -9.859439 
   6.510000   49.927994   31.363374    0.072025   -9.860845 
   6.520000   49.928714   31.264766    0.071305   -9.862236 
   6.530000   49.929427   31.166143    0.070591   -9.863614 
   6.540000   49.930133   31.067507    0.069886   -9.864978 
   6.550000   49.930832   30.968857    0.069187   -9.866328 
   6.560000   49.931524   30.870194    0.068495   -9.867665 
   6.570000   49.932209   30.771517    0.067810   -9.868988 
   6.580000   49.932887   30.672828    0.067132   -9.870298 
   6.590000   49.933558   30.574125    0.066460   -9.871595 
   6.600000   49.934223   30.475409    0.065796   -9.872879 
   6.610000   49.934881   30.376680    0.065138   -9.874150 
   6.620000   49.935532   30.277938    0.064487   -9.875409 
   6.630000   49.936177   30.179184    0.063842   -9.876655 
   6.640000   49.936816   30.080418    0.063203   -9.877888 
   6.650000   49.937448   29.981639    0.062571   -9.879109 
   6.660000   49.938073   29.882848    0.061946   -9.880318 
   6.670000   49.938693   29.784045    0.061326   -9.881515 
   6.680000   49.939306   29.685229    0.060713   -9.882700 
   6.690000   49.939913   29.586402    0.060106   -9.883873 
   6.700000   49.940514   29.487564    0.059505   -9.885034 
   6.710000   49.941109   29.388713    0.058910   -9.886184 
   6.720000   49.941698   29.289851    0.058320   -9.887322 
   6.730000   49.942282   29.190978    0.057737   -9.888449 
   6.740000   49.942859   29.092094    0.057160   -9.889564 
   6.750000   49.943431   28.993198    0.056588   -9.890669 
   6.760000   49.943996   28.894291    0.056022   -9.891762 
   6.770000   49.944557   28.795374    0.055462   -9.892844 
   6.780000   49.945111   28.696445    0.054908   -9.893916 
   6.790000   49.945660   28.597506    0.054358   -9.894977 
   6.800000   49.946204   28.498556    0.053815   -9.896027 
   6.810000   49.946742   28.399596    0.053277   -9.897067 
   6.820000   49.947275   28.300625    0.052744   -9.898096 
   6.830000   49.947802   28.201645    0.052217   -9.899115 
   6.840000   49.948324   28.102653    0.051694   -9.900124 
   6.850000   49.948841   28.003652    0.051177   -9.901123 
   6.860000   49.949353   27.904641    0.050666   -9.902111 
   6.870000   49.949860   27.805620    0.050159   -9.903090 
   6.880000   49.950361   27.706589    0.049657   -9.904059 
   6.890000   49.950858   27.607548    0.049161   -9.905019 
   6.900000   49.951350   27.508498    0.048669   -9.905969 
   6.910000   49.951836   27.409438    0.048183   -9.906909 
   6.920000   49.952318   27.310369    0.047701   -9.907840 
   6.930000   49.952795   27.211291    0.047224   -9.908761 
   6.940000   49.953267   27.112203    0.046751   -9.909674 
   6.950000   49.953735   27.013107    0.046284   -9.910577 
   6.960000   49.954198   26.914001    0.045821   -9.911471 
   6.970000   49.954656   26.814886    0.045363   -9.912357 
   6.980000   49.955110   26.715763    0.044909   -9.913233 
   6.990000   49.955559   26.616630    0.044460   -9.914101 
   7.000000   49.956003   26.517489    0.044016   -9.914960 
   7.010000   49.956443   26.418340    0.043575   -9.915810 
   7.020000   49.956879   26.319182    0.043140   -9.916652 
   7.030000   49.957311   26.220015    0.042708   -9.917485 
   7.040000   49.957738   26.120840    0.042281   -9.918311 
   7.050000   49.958160   26.021657    0.041858   -9.919128 
   7.060000   49.958579   25.922466    0.041440   -9.919936 
   7.070000   49.958993   25.823266    0.041025   -9.920737 
   7.080000   49.959404   25.724059    0.040615   -9.921530 
   7.090000   49.959810   25.624844    0.040209   -9.922314 
   7.100000   49.960212   25.525621    0.039807   -9.923091 
   7.110000   49.960610   25.426390    0.039409   -9.923860 
   7.120000   49.961004   25.327151    0.039015   -9.924622 
   7.130000   49.961394   25.227905    0.038625   -9.925375 
   7.140000   49.961781   25.128651    0.038238   -9.926122 
   7.150000   49.962163   25.029390    0.037856   -9.926860 
   7.160000   49.962541   24.930121    0.037477   -9.927592 
   7.170000   49.962916   24.830845    0.037103   -9.928316 
   7.180000   49.963287   24.731562    0.036732   -9.929033 
   7.190000   49.963655   24.632272    0.036364   -9.929742 
   7.200000   49.964018   24.532974    0.036001   -9.930445 
   7.210000   49.964378   24.433670    0.035641   -9.931141 
   7.220000   49.964735   24.334359    0.035284   -9.931829 
   7.230000   49.965087   24.235040    0.034931   -9.932511 
   7.240000   49.965437   24.135715    0.034582   -9.933186 
   7.250000   49.965783   24.036383    0.034236   -9.933854 
   7.260000   49.966125   23.937045    0.033894   -9.934515 
   7.270000   49.966464   23.837700    0.033555   -9.935170 
   7.280000   49.966799   23.738348    0.033219   -9.935818 
   7.290000   49.967132   23.638990    0.032887   -9.936460 
   7.300000   49.967461   23.539625    0.032558   -9.937096 
   7.310000   49.967786   23.440254    0.032233   -9.937725 
   7.320000   49.968108   23.340877    0.031910   -9.938347 
   7.330000   49.968428   23.241493    0.031591   -9.938964 
   7.340000   49.968743   23.142104    0.031275   -9.939574 
   7.350000   49.969056   23.042708    0.030963   -9.940179 
   7.360000   49.969366   22.943306    0.030653   -9.940777 
   7.370000   49.969672   22.843899    0.030346   -9.941369 
   7.380000   49.969976   22.744485    0.030043   -9.941955 
   7.390000   49.970276   22.645065    0.029743   -9.942536 
   7.400000   49.970574   22.545640    0.029445   -9.943110 
   7.410000   49.970868   22.446209    0.029151   -9.943679 
   7.420000   49.971160   22.346772    0.028859   -9.944243 
   7.430000   49.971448   22.247330    0.028571   -9.944800 
   7.440000   49.971734   22.147882    0.028285   -9.945352 
   7.450000   49.972017   22.048428    0.028002   -9.945899 
   7.460000   49.972297   21.948969    0.027722   -9.946440 
   7.470000   49.972574   21.849505    0.027445   -9.946975 
   7.480000   49.972848   21.750035    0.027170   -9.947505 
   7.490000   49.973120   21.650560    0.026899   -9.948030 
   7.500000   49.973389   21.551080    0.026630   -9.948550 
   7.510000   49.973655   21.451594    0.026363   -9.949065 
   7.520000   49.973919   21.352103    0.026100   -9.949574 
   7.530000   49.974180   21.252608    0.025839   -9.950078 
   7.540000   49.974438   21.153107    0.025580   -9.950577 
   7.550000   49.974694   21.053601    0.025325   -9.951072 
   7.560000   49.974948   20.954090    0.025071   -9.951561 
   7.570000   49.975198   20.854575    0.024821   -9.952045 
   7.580000   49.975446   20.755054    0.024572   -9.952525 
   7.590000   49.975692   20.655529    0.024327   -9.953000 
   7.600000   49.975935   20.555999    0.024083   -9.953470 
   7.610000   49.976176   20.456464    0.023843   -9.953935 
   7.620000   49.976415   20.356925    0.023604   -9.954396 
   7.630000   49.976651   20.257381    0.023368   -9.954852 
   7.640000   49.976884   20.157833    0.023134   -9.955303 
   7.650000   49.977116   20.058280    0.022903   -9.955750 
   7.660000   49.977345   19.958722    0.022674   -9.956193 
   7.670000   49.977572   19.859160    0.022447   -9.956631 
   7.680000   49.977796   19.759594    0.022223   -9.957064 
   7.690000   49.978018   19.660023    0.022001   -9.957494 
   7.700000   49.978238   19.560448    0.021781   -9.957919 
   7.710000   49.978456   19.460869    0.021563   -9.958340 
   7.720000   49.978672   19.361286    0.021347   -9.958756 
   7.730000   49.978885   19.261698    0.021134   -9.959169 
   7.740000   49.979097   19.162106    0.020922   -9.959577 
   7.750000   49.979306   19.062511    0.020713   -9.959981 
   7.760000   49.979513   18.962911    0.020506   -9.960381 
   7.770000   49.979718   18.863307    0.020301   -9.960778 
   7.780000   49.979921   18.763699    0.020098   -9.961170 
   7.790000   49.980122   18.664088    0.019897   -9.961558 
   7.800000   49.980321   18.564472    0.019698   -9.961942 
   7.810000   49.980518   18.464853    0.019501   -9.962323 
   7.820000   49.980713   18.365229    0.019306   -9.962700 
   7.830000   49.980906   18.265602    0.019113   -9.963073 
   7.840000   49.981097   18.165972    0.018922   -9.963442 
   7.850000   49.981286   18.066337    0.018733   -9.963808 
   7.860000   49.981474   17.966699    0.018545   -9.964170 
   7.870000   49.981659   17.867057    0.018360   -9.964528 
   7.880000   49.981843   17.767412    0.018176   -9.964883 
   7.890000   49.982024   17.667763    0.017994   -9.965234 
   7.900000   49.982204   17.568111    0.017815   -9.965581 
   7.910000   49.982383   17.468455    0.017636   -9.965926 
   7.920000   49.982559   17.368796    0.017460   -9.966266 
   7.930000   49.982733   17.269133    0.017285   -9.966604 
   7.940000   49.982906   17.169467    0.017113   -9.966938 
   7.950000   49.983077   17.069798    0.016941   -9.967268 
   7.960000   49.983247   16.970125    0.016772   -9.967596 
   7.970000   49.983415   16.870449    0.016604   -9.967920 
   7.980000   49.983581   16.770770    0.016438   -9.968240 
   7.990000   49.983745   16.671088    0.016274   -9.968558 
   8.000000   49.983908   16.571402    0.016111   -9.968873 
   8.010000   49.984069   16.471713    0.015950   -9.969184 
   8.020000   49.984228   16.372021    0.015791   -9.969492 
   8.030000   49.984386   16.272327    0.015633   -9.969797 
   8.040000   49.984543   16.172629    0.015476   -9.970099 
   8.050000   49.984697   16.072928    0.015322   -9.970398 
   8.060000   49.984851   15.973224    0.015168   -9.970694 
   8.070000   49.985002   15.873517    0.015017   -9.970987 
   8.080000   49.985152   15.773807    0.014866   -9.971277 
   8.090000   49.985301   15.674094    0.014718   -9.971564 
   8.100000   49.985448   15.574378    0.014571   -9.971849 
   8.110000   49.985594   15.474660    0.014425   -9.972130 
   8.120000   49.985738   15.374939    0.014281   -9.972409 
   8.130000   49.985881   15.275214    0.014138   -9.972685 
   8.140000   49.986022   15.175488    0.013996   -9.972958 
   8.150000   49.986162   15.075758    0.013857   -9.973229 
   8.160000   49.986301   14.976026    0.013718   -9.973496 
   8.170000   49.986438   14.876291    0.013581   -9.973761 
   8.180000   49.986574   14.776553    0.013445   -9.974024 
   8.190000   49.986708   14.676813    0.013311   -9.974283 
   8.200000   49.986841   14.577070    0.013177   -9.974541 
   8.210000   49.986973   14.477325    0.013046   -9.974795 
   8.220000   49.987104   14.377577    0.012915   -9.975047 
   8.230000   49.987233   14.277826    0.012786   -9.975297 
   8.240000   49.987361   14.178073    0.012658   -9.975544 
   8.250000   49.987487   14.078318    0.012532   -9.975788 
   8.260000   49.987613   13.978560    0.012406   -9.976030 
   8.270000   49.987737   13.878800    0.012282   -9.976270 
   8.280000   49.987859   13.779037    0.012159   -9.976507 
   8.290000   49.987981   13.679272    0.012038   -9.976742 
   8.300000   49.988101   13.579504    0.011917   -9.976975 
   8.310000   49.988221   13.479735    0.011798   -9.977205 
   8.320000   49.988339   13.379963    0.011680   -9.977433 
   8.330000   49.988455   13.280188    0.011563   -9.977659 
   8.340000   49.988571   13.180412    0.011448   -9.977882 
   8.350000   49.988686   13.080633    0.011333   -9.978103 
   8.360000   49.988799   12.980852    0.011220   -9.978322 
   8.370000   49.988911   12.881069    0.011108   -9.978539 
   8.380000   49.989022   12.781283    0.010997   -9.978754 
   8.390000   49.989132   12.681496    0.010887   -9.978966 
   8.400000   49.989241   12.581706    0.010778   -9.979177 
   8.410000   49.989349   12.481914    0.010670   -9.979385 
   8.420000   49.989455   12.382120    0.010563   -9.979591 
   8.430000   49.989561   12.282325    0.010458   -9.979795 
   8.440000   49.989666   12.182527    0.010353   -9.979997 
   8.450000   49.989769   12.082727    0.010250   -9.980197 
   8.460000   49.989872   11.982925    0.010147   -9.980395 
   8.470000   49.989973   11.883121    0.010046   -9.980591 
   8.480000   49.990074   11.783315    0.009945   -9.980785 
   8.490000   49.990173   11.683507    0.009846   -9.980977 
   8.500000   49.990272   11.583697    0.009747   -9.981168 
   8.510000   49.990369   11.483885    0.009650   -9.981356 
   8.520000   49.990466   11.384072    0.009553   -9.981542 
   8.530000   49.990561   11.284257    0.009458   -9.981727 
   8.540000   49.990656   11.184439    0.009363   -9.981910 
   8.550000   49.990749   11.084620    0.009270   -9.982091 
   8.560000   49.990842   10.984799    0.009177   -9.982270 
   8.570000   49.990934   10.884977    0.009085   -9.982447 
   8.580000   49.991025   10.785152    0.008994   -9.982623 
   8.590000   49.991115   10.685326    0.008904   -9.982796 
   8.600000   49.991204   10.585498    0.008815   -9.982968 
   8.610000   49.991292   10.485668    0.008727   -9.983139 
   8.620000   49.991379   10.385837    0.008640   -9.983307 
   8.630000   49.991465   10.286004    0.008553   -9.983474 
   8.640000   49.991551   10.186169    0.008468   -9.983639 
   8.650000   49.991636   10.086333    0.008383   -9.983803 
   8.660000   49.991719    9.986495    0.008299   -9.983965 
   8.670000   49.991802    9.886655    0.008216   -9.984125 
   8.680000   49.991885    9.786814    0.008134   -9.984284 
   8.690000   49.991966    9.686971    0.008053   -9.984441 
   8.700000   49.992046    9.587126    0.007972   -9.984597 
   8.710000   49.992126    9.487280    0.007893   -9.984751 
   8.720000   49.992205    9.387433    0.007814   -9.984903 
   8.730000   49.992283    9.287584    0.007736   -9.985054 
   8.740000   49.992361    9.187733    0.007658   -9.985204 
   8.750000   49.992437    9.087881    0.007582   -9.985352 
   8.760000   49.992513    8.988028    0.007506   -9.985498 
   8.770000   49.992588    8.888173    0.007431   -9.985643 
   8.780000   49.992662    8.788316    0.007356   -9.985787 
   8.790000   49.992736    8.688458    0.007283   -9.985929 
   8.800000   49.992809    8.588599    0.007210   -9.986070 
   8.810000   49.992881    8.488739    0.007138   -9.986209 
   8.820000   49.992952    8.388876    0.007067   -9.986347 
   8.830000   49.993023    8.289013    0.006996   -9.986483 
   8.840000   49.993093    8.189148    0.006926   -9.986619 
   8.850000   49.993162    8.089282    0.006857   -9.986752 
   8.860000   49.993231    7.989414    0.006788   -9.986885 
   8.870000   49.993299    7.889546    0.006720   -9.987016 
   8.880000   49.993366    7.789675    0.006653   -9.987146 
   8.890000   49.993432    7.689804    0.006587   -9.987274 
   8.900000   49.993498    7.589931    0.006521   -9.987402 
   8.910000   49.993563    7.490057    0.006455   -9.987528 
   8.920000   49.993628    7.390182    0.006391   -9.987652 
   8.930000   49.993692    7.290305    0.006327   -9.987776 
   8.940000   49.993755    7.190428    0.006264   -9.987898 
   8.950000   49.993818    7.090549    0.006201   -9.988019 
   8.960000   49.993880    6.990668    0.006139   -9.988139 
   8.970000   49.993941    6.890787    0.006078   -9.988258 
   8.980000   49.994002    6.790904    0.006017   -9.988375 
   8.990000   49.994062    6.691021    0.005957   -9.988491 
   9.000000   49.994122    6.591136    0.005897   -9.988606 
   9.010000   49.994181    6.491250    0.005838   -9.988720 
   9.020000   49.994239    6.391363    0.005780   -9.988833 
   9.030000   49.994297    6.291474    0.005722   -9.988945 
   9.040000   49.994354    6.191585    0.005665   -9.989055 
   9.050000   49.994411    6.091694    0.005608   -9.989165 
   9.060000   49.994467    5.991803    0.005552   -9.989273 
   9.070000   49.994522    5.891910    0.005497   -9.989380 
   9.080000   49.994577    5.792016    0.005442   -9.989487 
   9.090000   49.994632    5.692121    0.005387   -9.989592 
   9.100000   49.994686    5.592225    0.005333   -9.989696 
   9.110000   49.994739    5.492328    0.005280   -9.989799 
   9.120000   49.994792    5.392430    0.005227   -9.989901 
   9.130000   49.994844    5.292531    0.005175   -9.990002 
   9.140000   49.994896    5.192631    0.005123   -9.990102 
   9.150000   49.994947    5.092730    0.005072   -9.990201 
   9.160000   49.994998    4.992828    0.005021   -9.990299 
   9.170000   49.995048    4.892925    0.004971   -9.990396 
   9.180000   49.995098    4.793021    0.004921   -9.990492 
   9.190000   49.995147    4.693116    0.004872   -9.990587 
   9.200000   49.995196    4.593211    0.004823   -9.990681 
   9.210000   49.995244    4.493304    0.004775   -9.990774 
   9.220000   49.995291    4.393396    0.004727   -9.990866 
   9.230000   49.995339    4.293487    0.004680   -9.990958 
   9.240000   49.995386    4.193578    0.004633   -9.991048 
   9.250000   49.995432    4.093667    0.004587   -9.991138 
   9.260000   49.995478    3.993756    0.004541   -9.991226 
   9.270000   49.995523    3.893844    0.004496   -9.991314 
   9.280000   49.995568    3.793930    0.004451   -9.991401 
   9.290000   49.995613    3.694016    0.004406   -9.991487 
   9.300000   49.995657    3.594102    0.004362   -9.991572 
   9.310000   49.995700    3.494186    0.004319   -9.991656 
   9.320000   49.995744    3.394269    0.004275   -9.991740 
   9.330000   49.995786    3.294352    0.004233   -9.991822 
   9.340000   49.995829    3.194434    0.004190   -9.991904 
   9.350000   49.995871    3.094515    0.004148   -9.991985 
   9.360000   49.995912    2.994595    0.004107   -9.992065 
   9.370000   49.995953    2.894674    0.004066   -9.992145 
   9.380000   49.995994    2.794753    0.004025   -9.992223 
   9.390000   49.996034    2.694830    0.003985   -9.992301 
   9.400000   49.996074    2.594907    0.003945   -9.992378 
   9.410000   49.996113    2.494984    0.003906   -9.992454 
   9.420000   49.996152    2.395059    0.003867   -9.992530 
   9.430000   49.996191    2.295134    0.003828   -9.992604 
   9.440000   49.996229    2.195208    0.003790   -9.992678 
   9.450000   49.996267    2.095281    0.003752   -9.992752 
   9.460000   49.996305    1.995353    0.003714   -9.992824 
   9.470000   49.996342    1.895425    0.003677   -9.992896 
   9.480000   49.996379    1.795496    0.003640   -9.992967 
   9.490000   49.996415    1.695567    0.003604   -9.993037 
   9.500000   49.996451    1.595636    0.003568   -9.993107 
   9.510000   49.996487    1.495705    0.003532   -9.993176 
   9.520000   49.996522    1.395773    0.003497   -9.993244 
   9.530000   49.996557    1.295841    0.003462   -9.993311 
   9.540000   49.996592    1.195908    0.003427   -9.993378 
   9.550000   49.996626    1.095974    0.003393   -9.993445 
   9.560000   49.996660    0.996040    0.003359   -9.993510 
   9.570000   49.996693    0.896105    0.003325   -9.993575 
   9.580000   49.996727    0.796169    0.003292   -9.993639 
   9.590000   49.996760    0.696232    0.003259   -9.993703 
   9.600000   49.996792    0.596295    0.003227   -9.993766 
   9.610000   49.996824    0.496358    0.003194   -9.993828 
   9.620000   49.996856    0.396419    0.003162   -9.993890 
   9.630000   49.996888    0.296481    0.003131   -9.993951 
   9.640000   49.996919    0.196541    0.003100   -9.994012 
   9.650000   49.996950    0.096601    0.003069   -9.994071 
