   0.000000    0.000000    0.000000   50.000019   86.602529 
   0.010000    0.500000    0.866025   49.650019   85.896312 
   0.020000    0.996500    1.724988   49.302469   85.195038 
   0.030000    1.489525    2.576939   48.957351   84.498672 
   0.040000    1.979099    3.421926   48.614650   83.807182 
   0.050000    2.465245    4.259997   48.274347   83.120531 
   0.060000    2.947989    5.091203   47.936427   82.438688 
   0.070000    3.427353    5.915590   47.600872   81.761617 
   0.080000    3.903362    6.733206   47.267666   81.089286 
   0.090000    4.376038    7.544099   46.936792   80.421661 
   0.100000    4.845406    8.348315   46.608235   79.758709 
   0.110000    5.311488    9.145902   46.281977   79.100398 
   0.120000    5.774308    9.936906   45.958003   78.446695 
   0.130000    6.233888   10.721373   45.636297   77.797568 
   0.140000    6.690251   11.499349   45.316843   77.152985 
   0.150000    7.143420   12.270879   44.999625   76.512914 
   0.160000    7.593416   13.036008   44.684628   75.877324 
   0.170000    8.040262   13.794781   44.371835   75.246183 
   0.180000    8.483981   14.547243   44.061232   74.619459 
   0.190000    8.924593   15.293438   43.752804   73.997123 
   0.200000    9.362121   16.033409   43.446534   73.379143 
   0.210000    9.796586   16.767200   43.142408   72.765489 
   0.220000   10.228010   17.494855   42.840412   72.156131 
   0.230000   10.656414   18.216416   42.540529   71.551038 
   0.240000   11.081820   18.931927   42.242745   70.950181 
   0.250000   11.504247   19.641429   41.947046   70.353529 
   0.260000   11.923718   20.344964   41.653417   69.761055 
   0.270000   12.340252   21.042574   41.361843   69.172727 
   0.280000   12.753870   21.734302   41.072310   68.588518 
   0.290000   13.164593   22.420187   40.784804   68.008399 
   0.300000   13.572441   23.100271   40.499310   67.432340 
   0.310000   13.977434   23.774594   40.215815   66.860314 
   0.320000   14.379593   24.443197   39.934304   66.292291 
   0.330000   14.778936   25.106120   39.654764   65.728245 
   0.340000   15.175483   25.763403   39.377181   65.168148 
   0.350000   15.569255   26.415084   39.101540   64.611971 
   0.360000   15.960271   27.061204   38.827830   64.059687 
   0.370000   16.348549   27.701801   38.556035   63.511269 
   0.380000   16.734109   28.336913   38.286142   62.966690 
   0.390000   17.116971   28.966580   38.018139   62.425923 
   0.400000   17.497152   29.590840   37.752012   61.888942 
   0.410000   17.874672   30.209729   37.487748   61.355719 
   0.420000   18.249550   30.823286   37.225334   60.826229 
   0.430000   18.621803   31.431549   36.964757   60.300446 
   0.440000   18.991450   32.034553   36.706004   59.778342 
   0.450000   19.358511   32.632336   36.449062   59.259894 
   0.460000   19.723001   33.224935   36.193918   58.745075 
   0.470000   20.084940   33.812386   35.940561   58.233859 
   0.480000   20.444346   34.394725   35.688977   57.726222 
   0.490000   20.801236   34.971987   35.439154   57.222139 
   0.500000   21.155627   35.544208   35.191080   56.721584 
   0.510000   21.507538   36.111424   34.944742   56.224533 
   0.520000   21.856985   36.673669   34.700129   55.730961 
   0.530000   22.203987   37.230979   34.457228   55.240844 
   0.540000   22.548559   37.783388   34.216028   54.754158 
   0.550000   22.890719   38.330929   33.976515   54.270879 
   0.560000   23.230484   38.873638   33.738680   53.790983 
   0.570000   23.567871   39.411548   33.502509   53.314446 
   0.580000   23.902896   39.944692   33.267991   52.841245 
   0.590000   24.235576   40.473105   33.035115   52.371356 
   0.600000   24.565927   40.996818   32.803870   51.904757 
   0.610000   24.893966   41.515866   32.574243   51.441423 
   0.620000   25.219709   42.030280   32.346223   50.981333 
   0.630000   25.543171   42.540093   32.119799   50.524464 
   0.640000   25.864369   43.045338   31.894961   50.070793 
   0.650000   26.183318   43.546046   31.671696   49.620297 
   0.660000   26.500035   44.042249   31.449994   49.172955 
   0.670000   26.814535   44.533978   31.229844   48.728745 
   0.680000   27.126834   45.021266   31.011235   48.287643 
   0.690000   27.436946   45.504142   30.794157   47.849630 
   0.700000   27.744888   45.982639   30.578598   47.414682 
   0.710000   28.050674   46.456785   30.364547   46.982780 
   0.720000   28.354319   46.926613   30.151996   46.553900 
   0.730000   28.655839   47.392152   29.940932   46.128023 
   0.740000   28.955248   47.853432   29.731345   45.705127 
   0.750000   29.252562   48.310484   29.523226   45.285191 
   0.760000   29.547794   48.763336   29.316563   44.868195 
   0.770000   29.840960   49.212018   29.111347   44.454117 
   0.780000   30.132073   49.656559   28.907568   44.042938 
   0.790000   30.421149   50.096988   28.705215   43.634638 
   0.800000   30.708201   50.533335   28.504278   43.229195 
   0.810000   30.993244   50.965626   28.304748   42.826591 
   0.820000   31.276291   51.393892   28.106615   42.426805 
   0.830000   31.557357   51.818160   27.909869   42.029817 
   0.840000   31.836456   52.238459   27.714500   41.635608 
   0.850000   32.113601   52.654815   27.520498   41.244159 
   0.860000   32.388806   53.067256   27.327855   40.855450 
   0.870000   32.662085   53.475811   27.136560   40.469462 
   0.880000   32.933450   53.880505   26.946604   40.086176 
   0.890000   33.202916   54.281367   26.757978   39.705572 
   0.900000   33.470496   54.678423   26.570672   39.327633 
   0.910000   33.736203   55.071699   26.384677   38.952340 
   0.920000   34.000049   55.461223   26.199984   38.579674 
   0.930000   34.262049   55.847019   26.016584   38.209616 
   0.940000   34.522215   56.229115   25.834468   37.842149 
   0.950000   34.780560   56.607537   25.653627   37.477254 
   0.960000   35.037096   56.982310   25.474052   37.114913 
   0.970000   35.291837   57.353459   25.295733   36.755108 
   0.980000   35.544794   57.721010   25.118663   36.397823 
   0.990000   35.795981   58.084988   24.942832   36.043038 
   1.000000   36.045409   58.445418   24.768233   35.690737 
   1.010000   36.293091   58.802326   24.594855   35.340901 
   1.020000   36.539040   59.155735   24.422691   34.993515 
   1.030000   36.783267   59.505670   24.251732   34.648561 
   1.040000   37.025784   59.852155   24.081970   34.306021 
   1.050000   37.266604   60.195216   23.913396   33.965879 
   1.060000   37.505738   60.534874   23.746002   33.628117 
   1.070000   37.743198   60.871156   23.579780   33.292721 
   1.080000   37.978996   61.204083   23.414722   32.959671 
   1.090000   38.213143   61.533680   23.250819   32.628954 
   1.100000   38.445651   61.859969   23.088063   32.300551 
   1.110000   38.676532   62.182975   22.926447   31.974447 
   1.120000   38.905796   62.502719   22.765962   31.650626 
   1.130000   39.133456   62.819225   22.606600   31.329072 
   1.140000   39.359522   63.132516   22.448354   31.009768 
   1.150000   39.584005   63.442614   22.291215   30.692700 
   1.160000   39.806917   63.749541   22.135177   30.377851 
   1.170000   40.028269   64.053319   21.980230   30.065206 
   1.180000   40.248071   64.353971   21.826369   29.754750 
   1.190000   40.466335   64.651519   21.673584   29.446466 
   1.200000   40.683071   64.945983   21.521869   29.140341 
   1.210000   40.898290   65.237387   21.371216   28.836359 
   1.220000   41.112002   65.525750   21.221618   28.534504 
   1.230000   41.324218   65.811096   21.073066   28.234763 
   1.240000   41.534949   66.093443   20.925555   27.937119 
   1.250000   41.744204   66.372814   20.779076   27.641559 
   1.260000   41.951995   66.649230   20.633622   27.348069 
   1.270000   42.158331   66.922711   20.489187   27.056632 
   1.280000   42.363223   67.193277   20.345763   26.767236 
   1.290000   42.566681   67.460949   20.203342   26.479865 
   1.300000   42.768714   67.725748   20.061919   26.194506 
   1.310000   42.969333   67.987693   19.921486   25.911144 
   1.320000   43.168548   68.246804   19.782035   25.629766 
   1.330000   43.366368   68.503102   19.643561   25.350358 
   1.340000   43.562804   68.756606   19.506056   25.072906 
   1.350000   43.757865   69.007335   19.369514   24.797395 
   1.360000   43.951560   69.255309   19.233927   24.523813 
   1.370000   44.143899   69.500547   19.099290   24.252147 
   1.380000   44.334892   69.743068   18.965594   23.982382 
   1.390000   44.524548   69.982892   18.832835   23.714505 
   1.400000   44.712876   70.220037   18.701005   23.448503 
   1.410000   44.899886   70.454522   18.570098   23.184364 
   1.420000   45.085587   70.686366   18.440108   22.922073 
   1.430000   45.269988   70.915587   18.311027   22.661619 
   1.440000   45.453099   71.142203   18.182850   22.402988 
   1.450000   45.634927   71.366233   18.055570   22.146167 
   1.460000   45.815483   71.587694   17.929181   21.891143 
   1.470000   45.994775   71.806606   17.803677   21.637905 
   1.480000   46.172811   72.022985   17.679051   21.386440 
   1.490000   46.349602   72.236849   17.555298   21.136735 
   1.500000   46.525155   72.448217   17.432410   20.888778 
   1.510000   46.699479   72.657104   17.310384   20.642556 
   1.520000   46.872583   72.863530   17.189211   20.398059 
   1.530000   47.044475   73.067510   17.068886   20.155272 
   1.540000   47.215164   73.269063   16.949404   19.914185 
   1.550000   47.384658   73.468205   16.830758   19.674786 
   1.560000   47.552965   73.664953   16.712943   19.437062 
   1.570000   47.720095   73.859324   16.595952   19.201003 
   1.580000   47.886054   74.051334   16.479781   18.966596 
   1.590000   48.050852   74.241000   16.364422   18.733830 
   1.600000   48.214496   74.428338   16.249871   18.502693 
   1.610000   48.376995   74.613365   16.136122   18.273174 
   1.620000   48.538356   74.796096   16.023169   18.045262 
   1.630000   48.698588   74.976549   15.911007   17.818945 
   1.640000   48.857698   75.154739   15.799630   17.594212 
   1.650000   49.015694   75.330681   15.689033   17.371053 
   1.660000   49.172585   75.504391   15.579210   17.149456 
   1.670000   49.328377   75.675886   15.470155   16.929409 
   1.680000   49.483078   75.845180   15.361864   16.710904 
   1.690000   49.636697   76.012289   15.254331   16.493927 
   1.700000   49.789240   76.177228   15.147551   16.278470 
   1.710000   49.940716   76.340013   15.041518   16.064520 
   1.720000   50.091131   76.500658   14.936227   15.852069 
   1.730000   50.240493   76.659179   14.831674   15.641104 
   1.740000   50.388810   76.815590   14.727852   15.431617 
   1.750000   50.536089   76.969906   14.624757   15.223595 
   1.760000   50.682336   77.122142   14.522384   15.017030 
   1.770000   50.827560   77.272312   14.420727   14.811911 
   1.780000   50.971767   77.420431   14.319782   14.608228 
   1.790000   51.114965   77.566514   14.219543   14.405970 
   1.800000   51.257160   77.710573   14.120007   14.205128 
   1.810000   51.398361   77.852625   14.021166   14.005692 
   1.820000   51.538572   77.992682   13.923018   13.807652 
   1.830000   51.677802   78.130758   13.825557   13.610999 
   1.840000   51.816058   78.266868   13.728778   13.415722 
   1.850000   51.953346   78.401025   13.632677   13.221812 
   1.860000   52.089673   78.533243   13.537248   13.029259 
   1.870000   52.225045   78.663536   13.442487   12.838054 
   1.880000   52.359470   78.791916   13.348390   12.648188 
   1.890000   52.492954   78.918398   13.254951   12.459651 
   1.900000   52.625503   79.042995   13.162167   12.272433 
   1.910000   52.757125   79.165719   13.070031   12.086526 
   1.920000   52.887825   79.286584   12.978541   11.901920 
   1.930000   53.017611   79.405604   12.887691   11.718607 
   1.940000   53.146488   79.522790   12.797478   11.536577 
   1.950000   53.274462   79.638156   12.707895   11.355821 
   1.960000   53.401541   79.751714   12.618940   11.176330 
   1.970000   53.527731   79.863477   12.530607   10.998096 
   1.980000   53.653037   79.973458   12.442893   10.821109 
   1.990000   53.777466   80.081669   12.355793   10.645361 
   2.000000   53.901024   80.188123   12.269302   10.470844 
   2.010000   54.023717   80.292831   12.183417   10.297548 
   2.020000   54.145551   80.395807   12.098133   10.125465 
   2.030000   54.266532   80.497061   12.013446    9.954587 
   2.040000   54.386667   80.596607   11.929352    9.784905 
   2.050000   54.505960   80.694456   11.845847    9.616410 
   2.060000   54.624419   80.790620   11.762926    9.449095 
   2.070000   54.742048   80.885111   11.680585    9.282952 
   2.080000   54.858854   80.977941   11.598821    9.117971 
   2.090000   54.974842   81.069120   11.517629    8.954145 
   2.100000   55.090018   81.158662   11.437006    8.791466 
   2.110000   55.204388   81.246577   11.356947    8.629926 
   2.120000   55.317958   81.332876   11.277448    8.469516 
   2.130000   55.430732   81.417571   11.198506    8.310230 
   2.140000   55.542717   81.500673   11.120117    8.152058 
   2.150000   55.653919   81.582194   11.042276    7.994994 
   2.160000   55.764341   81.662144   10.964980    7.839029 
   2.170000   55.873991   81.740534   10.888225    7.684156 
   2.180000   55.982873   81.817376   10.812008    7.530367 
   2.190000   56.090993   81.892679   10.736323    7.377654 
   2.200000   56.198357   81.966456   10.661169    7.226010 
   2.210000   56.304968   82.038716   10.586541    7.075428 
   2.220000   56.410834   82.109470   10.512435    6.925900 
   2.230000   56.515958   82.178729   10.438848    6.777419 
   2.240000   56.620347   82.246503   10.365776    6.629977 
   2.250000   56.724004   82.312803   10.293216    6.483567 
   2.260000   56.826936   82.377639   10.221163    6.338182 
   2.270000   56.929148   82.441021   10.149615    6.193815 
   2.280000   57.030644   82.502959   10.078568    6.050458 
   2.290000   57.131430   82.563463   10.008018    5.908105 
   2.300000   57.231510   82.622544    9.937962    5.766748 
   2.310000   57.330890   82.680212    9.868396    5.626381 
   2.320000   57.429574   82.736476    9.799317    5.486996 
   2.330000   57.527567   82.791346    9.730722    5.348587 
   2.340000   57.624874   82.844832    9.662607    5.211147 
   2.350000   57.721500   82.896943    9.594969    5.074669 
   2.360000   57.817450   82.947690    9.527804    4.939147 
   2.370000   57.912728   82.997081    9.461109    4.804573 
   2.380000   58.007339   83.045127    9.394882    4.670941 
   2.390000   58.101288   83.091836    9.329117    4.538244 
   2.400000   58.194579   83.137219    9.263814    4.406476 
   2.410000   58.287217   83.181284    9.198967    4.275631 
   2.420000   58.379207   83.224040    9.134574    4.145702 
   2.430000   58.470553   83.265497    9.070632    4.016682 
   2.440000   58.561259   83.305664    9.007138    3.888565 
   2.450000   58.651330   83.344549    8.944088    3.761345 
   2.460000   58.740771   83.382163    8.881479    3.635016 
   2.470000   58.829586   83.418513    8.819309    3.509570 
   2.480000   58.917779   83.453609    8.757574    3.385003 
   2.490000   59.005355   83.487459    8.696271    3.261308 
   2.500000   59.092317   83.520072    8.635397    3.138479 
   2.510000   59.178671   83.551457    8.574949    3.016510 
   2.520000   59.264421   83.581622    8.514924    2.895394 
   2.530000   59.349570   83.610576    8.455320    2.775127 
   2.540000   59.434123   83.638327    8.396133    2.655701 
   2.550000   59.518085   83.664884    8.337360    2.537111 
   2.560000   59.601458   83.690255    8.278998    2.419351 
   2.570000   59.684248   83.714449    8.221045    2.302416 
   2.580000   59.766459   83.737473    8.163498    2.186299 
   2.590000   59.848094   83.759336    8.106353    2.070995 
   2.600000   59.929157   83.780046    8.049609    1.956498 
   2.610000   60.009653   83.799611    7.993262    1.842802 
   2.620000   60.089586   83.818039    7.937309    1.729902 
   2.630000   60.168959   83.835338    7.881748    1.617793 
   2.640000   60.247776   83.851516    7.826575    1.506469 
   2.650000   60.326042   83.866580    7.771789    1.395923 
   2.660000   60.403760   83.880539    7.717387    1.286152 
   2.670000   60.480934   83.893401    7.663365    1.177149 
   2.680000   60.557568   83.905172    7.609722    1.068909 
   2.690000   60.633665   83.915862    7.556453    0.961426 
   2.700000   60.709229   83.925476    7.503558    0.854696 
   2.710000   60.784265   83.934023    7.451033    0.748714 
   2.720000   60.858775   83.941510    7.398876    0.643473 
   2.730000   60.932764   83.947945    7.347084    0.538968 
   2.740000   61.006235   83.953334    7.295654    0.435195 
   2.750000   61.079191   83.957686    7.244585    0.332149 
   2.760000   61.151637   83.961008    7.193873    0.229824 
   2.770000   61.223576   83.963306    7.143516    0.128215 
   2.780000   61.295011   83.964588    7.093511    0.027318 
   2.790000   61.365946   83.964861    7.043856   -0.072873 
   2.800000   61.436385   83.964133    6.994549   -0.172363 
   2.810000   61.506330   83.962409    6.945588   -0.271157 
   2.820000   61.575786   83.959697    6.896969   -0.369259 
   2.830000   61.644756   83.956005    6.848690   -0.466674 
   2.840000   61.713243   83.951338    6.800749   -0.563407 
   2.850000   61.781250   83.945704    6.753144   -0.659463 
   2.860000   61.848782   83.939109    6.705872   -0.754847 
   2.870000   61.915840   83.931561    6.658931   -0.849563 
   2.880000   61.982430   83.923065    6.612318   -0.943616 
   2.890000   62.048553   83.913629    6.566032   -1.037011 
   2.900000   62.114213   83.903259    6.520070   -1.129752 
   2.910000   62.179414   83.891961    6.474429   -1.221844 
   2.920000   62.244158   83.879743    6.429108   -1.313291 
   2.930000   62.308449   83.866610    6.384104   -1.404098 
   2.940000   62.372290   83.852569    6.339416   -1.494269 
   2.950000   62.435685   83.837626    6.295040   -1.583809 
   2.960000   62.498635   83.821788    6.250974   -1.672722 
   2.970000   62.561145   83.805061    6.207218   -1.761013 
   2.980000   62.623217   83.787451    6.163767   -1.848686 
   2.990000   62.684854   83.768964    6.120621   -1.935745 
   3.000000   62.746061   83.749607    6.077776   -2.022195 
   3.010000   62.806838   83.729385    6.035232   -2.108040 
   3.020000   62.867191   83.708304    5.992985   -2.193284 
   3.030000   62.927121   83.686372    5.951034   -2.277931 
   3.040000   62.986631   83.663592    5.909377   -2.361985 
   3.050000   63.045725   83.639972    5.868012   -2.445451 
   3.060000   63.104405   83.615518    5.826935   -2.528333 
   3.070000   63.162674   83.590235    5.786147   -2.610635 
   3.080000   63.220536   83.564128    5.745644   -2.692360 
   3.090000   63.277992   83.537205    5.705424   -2.773514 
   3.100000   63.335046   83.509469    5.665486   -2.854099 
   3.110000   63.391701   83.480928    5.625828   -2.934120 
   3.120000   63.447960   83.451587    5.586447   -3.013582 
   3.130000   63.503824   83.421451    5.547342   -3.092487 
   3.140000   63.559297   83.390527    5.508511   -3.170839 
   3.150000   63.614383   83.358818    5.469951   -3.248643 
   3.160000   63.669082   83.326332    5.431661   -3.325903 
   3.170000   63.723399   83.293073    5.393640   -3.402621 
   3.180000   63.777335   83.259047    5.355884   -3.478803 
   3.190000   63.830894   83.224258    5.318393   -3.554451 
   3.200000   63.884078   83.188714    5.281164   -3.629570 
   3.210000   63.936889   83.152418    5.244196   -3.704163 
   3.220000   63.989331   83.115377    5.207487   -3.778234 
   3.230000   64.041406   83.077594    5.171034   -3.851787 
   3.240000   64.093117   83.039076    5.134837   -3.924824 
   3.250000   64.144465   82.999828    5.098893   -3.997350 
   3.260000   64.195454   82.959855    5.063201   -4.069369 
   3.270000   64.246086   82.919161    5.027759   -4.140883 
   3.280000   64.296364   82.877752    4.992564   -4.211897 
   3.290000   64.346289   82.835633    4.957616   -4.282414 
   3.300000   64.395865   82.792809    4.922913   -4.352437 
   3.310000   64.445094   82.749285    4.888453   -4.421970 
   3.320000   64.493979   82.705065    4.854234   -4.491016 
   3.330000   64.542521   82.660155    4.820254   -4.559579 
   3.340000   64.590724   82.614559    4.786512   -4.627662 
   3.350000   64.638589   82.568282    4.753007   -4.695268 
   3.360000   64.686119   82.521330    4.719736   -4.762401 
   3.370000   64.733316   82.473706    4.686697   -4.829065 
   3.380000   64.780183   82.425415    4.653890   -4.895261 
   3.390000   64.826722   82.376462    4.621313   -4.960994 
   3.400000   64.872935   82.326853    4.588964   -5.026267 
   3.410000   64.918825   82.276590    4.556841   -5.091083 
   3.420000   64.964393   82.225679    4.524943   -5.155446 
   3.430000   65.009643   82.174125    4.493269   -5.219358 
   3.440000   65.054576   82.121931    4.461816   -5.282822 
   3.450000   65.099194   82.069103    4.430583   -5.345842 
   3.460000   65.143500   82.015644    4.399569   -5.408422 
   3.470000   65.187495   81.961560    4.368772   -5.470563 
   3.480000   65.231183   81.906854    4.338191   -5.532269 
   3.490000   65.274565   81.851532    4.307823   -5.593543 
   3.500000   65.317643   81.795596    4.277669   -5.654388 
   3.510000   65.360420   81.739052    4.247725   -5.714807 
   3.520000   65.402897   81.681904    4.217991   -5.774804 
   3.530000   65.445077   81.624156    4.188465   -5.834380 
   3.540000   65.486962   81.565813    4.159146   -5.893539 
   3.550000   65.528553   81.506877    4.130032   -5.952285 
   3.560000   65.569853   81.447354    4.101121   -6.010619 
   3.570000   65.610865   81.387248    4.072414   -6.068544 
   3.580000   65.651589   81.326563    4.043907   -6.126064 
   3.590000   65.692028   81.265302    4.015599   -6.183182 
   3.600000   65.732184   81.203470    3.987490   -6.239900 
   3.610000   65.772059   81.141071    3.959578   -6.296220 
   3.620000   65.811655   81.078109    3.931861   -6.352147 
   3.630000   65.850973   81.014588    3.904338   -6.407682 
   3.640000   65.890017   80.950511    3.877007   -6.462828 
   3.650000   65.928787   80.885882    3.849868   -6.517588 
   3.660000   65.967285   80.820707    3.822919   -6.571965 
   3.670000   66.005514   80.754987    3.796159   -6.625961 
   3.680000   66.043476   80.688727    3.769586   -6.679580 
   3.690000   66.081172   80.621932    3.743199   -6.732823 
   3.700000   66.118604   80.554603    3.716996   -6.785693 
   3.710000   66.155774   80.486746    3.690977   -6.838193 
   3.720000   66.192684   80.418364    3.665140   -6.890326 
   3.730000   66.229335   80.349461    3.639484   -6.942093 
   3.740000   66.265730   80.280040    3.614008   -6.993499 
   3.750000   66.301870   80.210105    3.588710   -7.044544 
   3.760000   66.337757   80.139660    3.563589   -7.095232 
   3.770000   66.373393   80.068708    3.538644   -7.145566 
   3.780000   66.408779   79.997252    3.513873   -7.195547 
   3.790000   66.443918   79.925296    3.489276   -7.245178 
   3.800000   66.478811   79.852845    3.464851   -7.294462 
   3.810000   66.513459   79.779900    3.440597   -7.343401 
   3.820000   66.547865   79.706466    3.416513   -7.391997 
   3.830000   66.582030   79.632546    3.392598   -7.440253 
   3.840000   66.615956   79.558143    3.368849   -7.488171 
   3.850000   66.649645   79.483262    3.345267   -7.535754 
   3.860000   66.683098   79.407904    3.321851   -7.583003 
   3.870000   66.716316   79.332074    3.298598   -7.629922 
   3.880000   66.749302   79.255775    3.275507   -7.676513 
   3.890000   66.782057   79.179010    3.252579   -7.722777 
   3.900000   66.814583   79.101782    3.229811   -7.768718 
   3.910000   66.846881   79.024095    3.207202   -7.814337 
   3.920000   66.878953   78.945952    3.184752   -7.859637 
   3.930000   66.910801   78.867355    3.162458   -7.904619 
   3.940000   66.942425   78.788309    3.140321   -7.949287 
   3.950000   66.973828   78.708816    3.118339   -7.993642 
   3.960000   67.005012   78.628880    3.096511   -8.037686 
   3.970000   67.035977   78.548503    3.074835   -8.081422 
   3.980000   67.066725   78.467689    3.053311   -8.124853 
   3.990000   67.097258   78.386440    3.031938   -8.167979 
   4.000000   67.127578   78.304760    3.010714   -8.210803 
   4.010000   67.157685   78.222652    2.989639   -8.253327 
   4.020000   67.187581   78.140119    2.968712   -8.295554 
   4.030000   67.217268   78.057163    2.947931   -8.337485 
   4.040000   67.246748   77.973789    2.927295   -8.379123 
   4.050000   67.276021   77.889997    2.906804   -8.420469 
   4.060000   67.305089   77.805793    2.886457   -8.461525 
   4.070000   67.333953   77.721177    2.866252   -8.502295 
   4.080000   67.362616   77.636154    2.846188   -8.542779 
   4.090000   67.391078   77.550727    2.826264   -8.582979 
   4.100000   67.419340   77.464897    2.806481   -8.622898 
   4.110000   67.447405   77.378668    2.786835   -8.662538 
   4.120000   67.475273   77.292043    2.767327   -8.701900 
   4.130000   67.502947   77.205024    2.747956   -8.740987 
   4.140000   67.530426   77.117614    2.728720   -8.779800 
   4.150000   67.557714   77.029816    2.709619   -8.818341 
   4.160000   67.584810   76.941632    2.690652   -8.856613 
   4.170000   67.611716   76.853066    2.671818   -8.894617 
   4.180000   67.638434   76.764120    2.653115   -8.932354 
   4.190000   67.664966   76.674796    2.634543   -8.969828 
   4.200000   67.691311   76.585098    2.616101   -9.007039 
   4.210000   67.717472   76.495028    2.597788   -9.043990 
   4.220000   67.743450   76.404588    2.579604   -9.080682 
   4.230000   67.769246   76.313781    2.561547   -9.117117 
   4.240000   67.794861   76.222610    2.543616   -9.153297 
   4.250000   67.820298   76.131077    2.525811   -9.189224 
   4.260000   67.845556   76.039185    2.508130   -9.224900 
   4.270000   67.870637   75.946936    2.490573   -9.260325 
   4.280000   67.895543   75.854332    2.473139   -9.295503 
   4.290000   67.920274   75.761377    2.455827   -9.330435 
   4.300000   67.944832   75.668073    2.438636   -9.365122 
   4.310000   67.969219   75.574422    2.421566   -9.399566 
   4.320000   67.993434   75.480426    2.404615   -9.433769 
   4.330000   68.017481   75.386088    2.387783   -9.467732 
   4.340000   68.041358   75.291411    2.371068   -9.501458 
   4.350000   68.065069   75.196397    2.354471   -9.534948 
   4.360000   68.088614   75.101047    2.337989   -9.568203 
   4.370000   68.111994   75.005365    2.321623   -9.601226 
   4.380000   68.135210   74.909353    2.305372   -9.634017 
   4.390000   68.158264   74.813013    2.289234   -9.666579 
   4.400000   68.181156   74.716347    2.273210   -9.698913 
   4.410000   68.203888   74.619358    2.257297   -9.731021 
   4.420000   68.226461   74.522047    2.241496   -9.762904 
   4.430000   68.248876   74.424418    2.225806   -9.794563 
   4.440000   68.271134   74.326473    2.210225   -9.826001 
   4.450000   68.293236   74.228213    2.194753   -9.857219 
   4.460000   68.315184   74.129641    2.179390   -9.888219 
   4.470000   68.336978   74.030758    2.164134   -9.919001 
   4.480000   68.358619   73.931568    2.148986   -9.949568 
   4.490000   68.380109   73.832073    2.133943   -9.979921 
   4.500000   68.401448   73.732273    2.119005  -10.010062 
   4.510000   68.422638   73.632173    2.104172  -10.039992 
   4.520000   68.443680   73.531773    2.089443  -10.069712 
   4.530000   68.464575   73.431076    2.074817  -10.099224 
   4.540000   68.485323   73.330084    2.060293  -10.128529 
   4.550000   68.505926   73.228798    2.045871  -10.157629 
   4.560000   68.526384   73.127222    2.031550  -10.186526 
   4.570000   68.546700   73.025357    2.017329  -10.215220 
   4.580000   68.566873   72.923205    2.003208  -10.243714 
   4.590000   68.586905   72.820767    1.989185  -10.272008 
   4.600000   68.606797   72.718047    1.975261  -10.300104 
   4.610000   68.626550   72.615046    1.961434  -10.328003 
   4.620000   68.646164   72.511766    1.947704  -10.355707 
   4.630000   68.665641   72.408209    1.934070  -10.383217 
   4.640000   68.684982   72.304377    1.920532  -10.410534 
   4.650000   68.704187   72.200272    1.907088  -10.437661 
   4.660000   68.723258   72.095895    1.893738  -10.464597 
   4.670000   68.742195   71.991249    1.880482  -10.491345 
   4.680000   68.761000   71.886336    1.867319  -10.517905 
   4.690000   68.779673   71.781157    1.854248  -10.544280 
   4.700000   68.798216   71.675714    1.841268  -10.570470 
   4.710000   68.816628   71.570009    1.828379  -10.596477 
   4.720000   68.834912   71.464044    1.815580  -10.622302 
   4.730000   68.853068   71.357821    1.802871  -10.647945 
   4.740000   68.871097   71.251342    1.790251  -10.673410 
   4.750000   68.888999   71.144608    1.777719  -10.698696 
   4.760000   68.906776   71.037621    1.765275  -10.723805 
   4.770000   68.924429   70.930383    1.752918  -10.748738 
   4.780000   68.941958   70.822895    1.740648  -10.773497 
   4.790000   68.959365   70.715160    1.728463  -10.798083 
   4.800000   68.976650   70.607180    1.716364  -10.822496 
   4.810000   68.993813   70.498955    1.704350  -10.846739 
   4.820000   69.010857   70.390487    1.692419  -10.870812 
   4.830000   69.027781   70.281779    1.680572  -10.894716 
   4.840000   69.044587   70.172832    1.668808  -10.918453 
   4.850000   69.061275   70.063647    1.657127  -10.942024 
   4.860000   69.077846   69.954227    1.645527  -10.965430 
   4.870000   69.094301   69.844573    1.634008  -10.988672 
   4.880000   69.110641   69.734686    1.622570  -11.011751 
   4.890000   69.126867   69.624569    1.611212  -11.034669 
   4.900000   69.142979   69.514222    1.599933  -11.057426 
   4.910000   69.158978   69.403648    1.588734  -11.080024 
   4.920000   69.174866   69.292847    1.577613  -11.102464 
   4.930000   69.190642   69.181823    1.566570  -11.124746 
   4.940000   69.206308   69.070575    1.555604  -11.146873 
   4.950000   69.221864   68.959107    1.544714  -11.168845 
   4.960000   69.237311   68.847418    1.533901  -11.190663 
   4.970000   69.252650   68.735512    1.523164  -11.212329 
   4.980000   69.267881   68.623388    1.512502  -11.233842 
   4.990000   69.283006   68.511050    1.501914  -11.255205 
   5.000000   69.298026   68.398498    1.491401  -11.276419 
   5.010000   69.312940   68.285734    1.480961  -11.297484 
   5.020000   69.327749   68.172759    1.470594  -11.318402 
   5.030000   69.342455   68.059575    1.460300  -11.339173 
   5.040000   69.357058   67.946183    1.450078  -11.359799 
   5.050000   69.371559   67.832585    1.439928  -11.380280 
   5.060000   69.385958   67.718782    1.429848  -11.400618 
   5.070000   69.400257   67.604776    1.419839  -11.420814 
   5.080000   69.414455   67.490568    1.409900  -11.440868 
   5.090000   69.428554   67.376159    1.400031  -11.460782 
   5.100000   69.442554   67.261551    1.390231  -11.480556 
   5.110000   69.456457   67.146746    1.380499  -11.500193 
   5.120000   69.470262   67.031744    1.370836  -11.519691 
   5.130000   69.483970   66.916547    1.361240  -11.539053 
   5.140000   69.497582   66.801156    1.351711  -11.558280 
   5.150000   69.511100   66.685574    1.342249  -11.577372 
   5.160000   69.524522   66.569800    1.332853  -11.596330 
   5.170000   69.537851   66.453837    1.323523  -11.615156 
   5.180000   69.551086   66.337685    1.314259  -11.633850 
   5.190000   69.564228   66.221347    1.305059  -11.652413 
   5.200000   69.577279   66.104822    1.295924  -11.670846 
   5.210000   69.590238   65.988114    1.286852  -11.689150 
   5.220000   69.603107   65.871222    1.277844  -11.707326 
   5.230000   69.615885   65.754149    1.268899  -11.725375 
   5.240000   69.628574   65.636895    1.260017  -11.743297 
   5.250000   69.641174   65.519462    1.251197  -11.761094 
   5.260000   69.653686   65.401852    1.242438  -11.778767 
   5.270000   69.666111   65.284064    1.233741  -11.796315 
   5.280000   69.678448   65.166101    1.225105  -11.813741 
   5.290000   69.690699   65.047963    1.216529  -11.831045 
   5.300000   69.702864   64.929653    1.208014  -11.848228 
   5.310000   69.714945   64.811171    1.199558  -11.865290 
   5.320000   69.726940   64.692518    1.191161  -11.882233 
   5.330000   69.738852   64.573695    1.182823  -11.899057 
   5.340000   69.750680   64.454705    1.174543  -11.915764 
   5.350000   69.762425   64.335547    1.166321  -11.932354 
   5.360000   69.774089   64.216224    1.158157  -11.948827 
   5.370000   69.785670   64.096735    1.150050  -11.965185 
   5.380000   69.797171   63.977084    1.141999  -11.981429 
   5.390000   69.808591   63.857269    1.134005  -11.997559 
   5.400000   69.819931   63.737294    1.126067  -12.013576 
   5.410000   69.831191   63.617158    1.118185  -12.029481 
   5.420000   69.842373   63.496863    1.110358  -12.045275 
   5.430000   69.853477   63.376410    1.102585  -12.060958 
   5.440000   69.864503   63.255801    1.094867  -12.076531 
   5.450000   69.875451   63.135035    1.087203  -12.091995 
   5.460000   69.886323   63.014115    1.079592  -12.107351 
   5.470000   69.897119   62.893042    1.072035  -12.122600 
   5.480000   69.907840   62.771816    1.064531  -12.137742 
   5.490000   69.918485   62.650439    1.057079  -12.152777 
   5.500000   69.929056   62.528911    1.049680  -12.167708 
   5.510000   69.939553   62.407234    1.042332  -12.182534 
   5.520000   69.949976   62.285408    1.035036  -12.197256 
   5.530000   69.960326   62.163436    1.027790  -12.211876 
   5.540000   69.970604   62.041317    1.020596  -12.226392 
   5.550000   69.980810   61.919053    1.013452  -12.240808 
   5.560000   69.990945   61.796645    1.006358  -12.255122 
   5.570000   70.001008   61.674094    0.999313  -12.269336 
   5.580000   70.011001   61.551400    0.992318  -12.283451 
   5.590000   70.020925   61.428566    0.985372  -12.297467 
   5.600000   70.030778   61.305591    0.978474  -12.311384 
   5.610000   70.040563   61.182477    0.971625  -12.325205 
   5.620000   70.050279   61.059225    0.964823  -12.338928 
   5.630000   70.059927   60.935836    0.958070  -12.352556 
   5.640000   70.069508   60.812311    0.951363  -12.366088 
   5.650000   70.079022   60.688650    0.944704  -12.379525 
   5.660000   70.088469   60.564854    0.938091  -12.392869 
   5.670000   70.097850   60.440926    0.931524  -12.406119 
   5.680000   70.107165   60.316865    0.925003  -12.419276 
   5.690000   70.116415   60.192672    0.918528  -12.432341 
   5.700000   70.125600   60.068348    0.912099  -12.445314 
   5.710000   70.134721   59.943895    0.905714  -12.458197 
   5.720000   70.143778   59.819313    0.899374  -12.470990 
   5.730000   70.152772   59.694603    0.893078  -12.483693 
   5.740000   70.161703   59.569766    0.886827  -12.496307 
   5.750000   70.170571   59.444803    0.880619  -12.508833 
   5.760000   70.179377   59.319715    0.874455  -12.521271 
   5.770000   70.188122   59.194502    0.868333  -12.533622 
   5.780000   70.196805   59.069166    0.862255  -12.545887 
   5.790000   70.205428   58.943707    0.856219  -12.558066 
   5.800000   70.213990   58.818127    0.850226  -12.570159 
   5.810000   70.222492   58.692425    0.844274  -12.582168 
   5.820000   70.230935   58.566603    0.838364  -12.594093 
   5.830000   70.239319   58.440662    0.832496  -12.605934 
   5.840000   70.247644   58.314603    0.826668  -12.617693 
   5.850000   70.255910   58.188426    0.820882  -12.629369 
   5.860000   70.264119   58.062132    0.815135  -12.640963 
   5.870000   70.272271   57.935723    0.809430  -12.652476 
   5.880000   70.280365   57.809198    0.803764  -12.663909 
   5.890000   70.288402   57.682559    0.798137  -12.675262 
   5.900000   70.296384   57.555806    0.792550  -12.686535 
   5.910000   70.304309   57.428941    0.787002  -12.697729 
   5.920000   70.312179   57.301964    0.781493  -12.708845 
   5.930000   70.319994   57.174875    0.776023  -12.719883 
   5.940000   70.327754   57.047676    0.770591  -12.730844 
   5.950000   70.335460   56.920368    0.765197  -12.741728 
   5.960000   70.343112   56.792951    0.759840  -12.752536 
   5.970000   70.350711   56.665425    0.754521  -12.763268 
   5.980000   70.358256   56.537793    0.749240  -12.773925 
   5.990000   70.365748   56.410053    0.743995  -12.784508 
   6.000000   70.373188   56.282208    0.738787  -12.795016 
   6.010000   70.380576   56.154258    0.733616  -12.805451 
   6.020000   70.387912   56.026204    0.728480  -12.815813 
   6.030000   70.395197   55.898045    0.723381  -12.826102 
   6.040000   70.402431   55.769784    0.718317  -12.836320 
   6.050000   70.409614   55.641421    0.713289  -12.846465 
   6.060000   70.416747   55.512957    0.708296  -12.856540 
   6.070000   70.423830   55.384391    0.703338  -12.866544 
   6.080000   70.430863   55.255726    0.698415  -12.876479 
   6.090000   70.437848   55.126961    0.693526  -12.886343 
   6.100000   70.444783   54.998098    0.688671  -12.896139 
   6.110000   70.451669   54.869136    0.683850  -12.905866 
   6.120000   70.458508   54.740078    0.679063  -12.915525 
   6.130000   70.465299   54.610922    0.674310  -12.925116 
   6.140000   70.472042   54.481671    0.669590  -12.934640 
   6.150000   70.478738   54.352325    0.664903  -12.944098 
   6.160000   70.485387   54.222884    0.660248  -12.953489 
   6.170000   70.491989   54.093349    0.655626  -12.962815 
   6.180000   70.498545   53.963721    0.651037  -12.972075 
   6.190000   70.505056   53.834000    0.646480  -12.981270 
   6.200000   70.511521   53.704187    0.641954  -12.990402 
   6.210000   70.517940   53.574283    0.637461  -12.999469 
   6.220000   70.524315   53.444289    0.632999  -13.008472 
   6.230000   70.530645   53.314204    0.628568  -13.017413 
   6.240000   70.536930   53.184030    0.624168  -13.026291 
   6.250000   70.543172   53.053767    0.619798  -13.035107 
   6.260000   70.549370   52.923416    0.615460  -13.043861 
   6.270000   70.555525   52.792977    0.611152  -13.052554 
   6.280000   70.561636   52.662452    0.606874  -13.061187 
   6.290000   70.567705   52.531840    0.602625  -13.069758 
   6.300000   70.573731   52.401142    0.598407  -13.078270 
   6.310000   70.579715   52.270359    0.594218  -13.086722 
   6.320000   70.585657   52.139492    0.590059  -13.095115 
   6.330000   70.591558   52.008541    0.585928  -13.103449 
   6.340000   70.597417   51.877507    0.581827  -13.111725 
   6.350000   70.603236   51.746389    0.577754  -13.119943 
   6.360000   70.609013   51.615190    0.573710  -13.128103 
   6.370000   70.614750   51.483909    0.569694  -13.136207 
   6.380000   70.620447   51.352547    0.565706  -13.144253 
   6.390000   70.626104   51.221104    0.561746  -13.152243 
   6.400000   70.631722   51.089582    0.557814  -13.160178 
   6.410000   70.637300   50.957980    0.553909  -13.168057 
   6.420000   70.642839   50.826299    0.550032  -13.175880 
   6.430000   70.648339   50.694541    0.546181  -13.183649 
   6.440000   70.653801   50.562704    0.542358  -13.191363 
   6.450000   70.659225   50.430790    0.538562  -13.199024 
   6.460000   70.664610   50.298800    0.534792  -13.206631 
   6.470000   70.669958   50.166734    0.531048  -13.214184 
   6.480000   70.675269   50.034592    0.527331  -13.221685 
   6.490000   70.680542   49.902375    0.523640  -13.229133 
   6.500000   70.685778   49.770084    0.519974  -13.236529 
   6.510000   70.690978   49.637719    0.516334  -13.243874 
   6.520000   70.696141   49.505280    0.512720  -13.251166 
   6.530000   70.701269   49.372768    0.509131  -13.258408 
   6.540000   70.706360   49.240184    0.505567  -13.265599 
   6.550000   70.711416   49.107528    0.502028  -13.272740 
   6.560000   70.716436   48.974801    0.498514  -13.279831 
   6.570000   70.721421   48.842002    0.495024  -13.286872 
   6.580000   70.726371   48.709134    0.491559  -13.293864 
   6.590000   70.731287   48.576195    0.488118  -13.300807 
   6.600000   70.736168   48.443187    0.484701  -13.307701 
   6.610000   70.741015   48.310110    0.481308  -13.314548 
   6.620000   70.745828   48.176965    0.477939  -13.321346 
   6.630000   70.750607   48.043751    0.474594  -13.328096 
   6.640000   70.755353   47.910470    0.471271  -13.334800 
   6.650000   70.760066   47.777122    0.467973  -13.341456 
   6.660000   70.764746   47.643708    0.464697  -13.348066 
   6.670000   70.769393   47.510227    0.461444  -13.354629 
   6.680000   70.774007   47.376681    0.458214  -13.361147 
   6.690000   70.778589   47.243069    0.455006  -13.367619 
   6.700000   70.783139   47.109393    0.451821  -13.374046 
   6.710000   70.787658   46.975652    0.448659  -13.380427 
   6.720000   70.792144   46.841848    0.445518  -13.386764 
   6.730000   70.796599   46.707981    0.442399  -13.393057 
   6.740000   70.801023   46.574050    0.439302  -13.399306 
   6.750000   70.805416   46.440057    0.436227  -13.405510 
   6.760000   70.809779   46.306002    0.433174  -13.411672 
   6.770000   70.814110   46.171885    0.430142  -13.417790 
   6.780000   70.818412   46.037707    0.427131  -13.423866 
   6.790000   70.822683   45.903469    0.424141  -13.429899 
   6.800000   70.826925   45.769170    0.421172  -13.435889 
   6.810000   70.831136   45.634811    0.418223  -13.441838 
   6.820000   70.835319   45.500392    0.415296  -13.447745 
   6.830000   70.839471   45.365915    0.412389  -13.453611 
   6.840000   70.843595   45.231379    0.409502  -13.459436 
   6.850000   70.847690   45.096784    0.406636  -13.465220 
   6.860000   70.851757   44.962132    0.403789  -13.470963 
   6.870000   70.855795   44.827423    0.400963  -13.476666 
   6.880000   70.859804   44.692656    0.398156  -13.482330 
   6.890000   70.863786   44.557833    0.395369  -13.487953 
   6.900000   70.867740   44.422953    0.392601  -13.493538 
   6.910000   70.871666   44.288018    0.389853  -13.499083 
   6.920000   70.875564   44.153027    0.387124  -13.504589 
   6.930000   70.879435   44.017981    0.384414  -13.510057 
   6.940000   70.883279   43.882880    0.381723  -13.515487 
   6.950000   70.887097   43.747726    0.379051  -13.520878 
   6.960000   70.890887   43.612517    0.376398  -13.526232 
   6.970000   70.894651   43.477254    0.373763  -13.531549 
   6.980000   70.898389   43.341939    0.371147  -13.536828 
   6.990000   70.902100   43.206571    0.368549  -13.542070 
   7.000000   70.905786   43.071150    0.365969  -13.547275 
   7.010000   70.909445   42.935677    0.363407  -13.552445 
   7.020000   70.913080   42.800153    0.360863  -13.557577 
   7.030000   70.916688   42.664577    0.358337  -13.562674 
   7.040000   70.920272   42.528950    0.355829  -13.567736 
   7.050000   70.923830   42.393273    0.353338  -13.572762 
   7.060000   70.927363   42.257545    0.350865  -13.577752 
   7.070000   70.930872   42.121768    0.348409  -13.582708 
   7.080000   70.934356   41.985941    0.345970  -13.587629 
   7.090000   70.937816   41.850064    0.343548  -13.592516 
   7.100000   70.941251   41.714139    0.341143  -13.597368 
   7.110000   70.944663   41.578166    0.338755  -13.602186 
   7.120000   70.948050   41.442144    0.336384  -13.606971 
   7.130000   70.951414   41.306074    0.334029  -13.611722 
   7.140000   70.954754   41.169957    0.331691  -13.616440 
   7.150000   70.958071   41.033792    0.329369  -13.621125 
   7.160000   70.961365   40.897581    0.327064  -13.625777 
   7.170000   70.964635   40.761323    0.324774  -13.630397 
   7.180000   70.967883   40.625019    0.322501  -13.634984 
   7.190000   70.971108   40.488670    0.320243  -13.639539 
   7.200000   70.974311   40.352274    0.318001  -13.644062 
   7.210000   70.977491   40.215833    0.315775  -13.648554 
   7.220000   70.980648   40.079348    0.313565  -13.653014 
   7.230000   70.983784   39.942818    0.311370  -13.657443 
   7.240000   70.986898   39.806243    0.309190  -13.661841 
   7.250000   70.989990   39.669625    0.307026  -13.666208 
   7.260000   70.993060   39.532963    0.304877  -13.670545 
   7.270000   70.996109   39.396257    0.302743  -13.674851 
   7.280000   70.999136   39.259509    0.300624  -13.679127 
   7.290000   71.002142   39.122718    0.298519  -13.683373 
   7.300000   71.005128   38.985884    0.296430  -13.687589 
   7.310000   71.008092   38.849008    0.294355  -13.691776 
   7.320000   71.011035   38.712090    0.292294  -13.695934 
   7.330000   71.013958   38.575131    0.290248  -13.700062 
   7.340000   71.016861   38.438130    0.288216  -13.704162 
   7.350000   71.019743   38.301089    0.286199  -13.708233 
   7.360000   71.022605   38.164006    0.284195  -13.712275 
   7.370000   71.025447   38.026884    0.282206  -13.716289 
   7.380000   71.028269   37.889721    0.280231  -13.720275 
   7.390000   71.031071   37.752518    0.278269  -13.724233 
   7.400000   71.033854   37.615276    0.276321  -13.728163 
   7.410000   71.036617   37.477994    0.274387  -13.732066 
   7.420000   71.039361   37.340673    0.272466  -13.735942 
   7.430000   71.042086   37.203314    0.270559  -13.739790 
   7.440000   71.044791   37.065916    0.268665  -13.743612 
   7.450000   71.047478   36.928480    0.266784  -13.747406 
   7.460000   71.050146   36.791006    0.264917  -13.751175 
   7.470000   71.052795   36.653494    0.263062  -13.754916 
   7.480000   71.055426   36.515945    0.261221  -13.758632 
   7.490000   71.058038   36.378359    0.259392  -13.762322 
   7.500000   71.060632   36.240735    0.257577  -13.765985 
   7.510000   71.063207   36.103076    0.255774  -13.769623 
   7.520000   71.065765   35.965379    0.253983  -13.773236 
   7.530000   71.068305   35.827647    0.252205  -13.776823 
   7.540000   71.070827   35.689879    0.250440  -13.780386 
   7.550000   71.073331   35.552075    0.248687  -13.783923 
   7.560000   71.075818   35.414236    0.246946  -13.787435 
   7.570000   71.078288   35.276361    0.245217  -13.790923 
   7.580000   71.080740   35.138452    0.243501  -13.794387 
   7.590000   71.083175   35.000508    0.241796  -13.797826 
   7.600000   71.085593   34.862530    0.240104  -13.801241 
   7.610000   71.087994   34.724518    0.238423  -13.804633 
   7.620000   71.090378   34.586471    0.236754  -13.808000 
   7.630000   71.092746   34.448391    0.235097  -13.811344 
   7.640000   71.095097   34.310278    0.233451  -13.814665 
   7.650000   71.097431   34.172131    0.231817  -13.817962 
   7.660000   71.099749   34.033951    0.230194  -13.821237 
   7.670000   71.102051   33.895739    0.228583  -13.824488 
   7.680000   71.104337   33.757494    0.226983  -13.827716 
   7.690000   71.106607   33.619217    0.225394  -13.830922 
   7.700000   71.108861   33.480908    0.223816  -13.834106 
   7.710000   71.111099   33.342567    0.222249  -13.837267 
   7.720000   71.113322   33.204194    0.220694  -13.840406 
   7.730000   71.115529   33.065790    0.219149  -13.843524 
   7.740000   71.117720   32.927355    0.217615  -13.846619 
   7.750000   71.119896   32.788889    0.216092  -13.849693 
   7.760000   71.122057   32.650392    0.214579  -13.852745 
   7.770000   71.124203   32.511864    0.213077  -13.855775 
   7.780000   71.126334   32.373306    0.211585  -13.858785 
   7.790000   71.128450   32.234719    0.210104  -13.861774 
   7.800000   71.130551   32.096101    0.208633  -13.864741 
   7.810000   71.132637   31.957453    0.207173  -13.867688 
   7.820000   71.134709   31.818777    0.205723  -13.870614 
   7.830000   71.136766   31.680070    0.204283  -13.873520 
   7.840000   71.138809   31.541335    0.202853  -13.876405 
   7.850000   71.140837   31.402571    0.201433  -13.879270 
   7.860000   71.142852   31.263779    0.200023  -13.882115 
   7.870000   71.144852   31.124957    0.198623  -13.884941 
   7.880000   71.146838   30.986108    0.197232  -13.887746 
   7.890000   71.148810   30.847230    0.195852  -13.890532 
   7.900000   71.150769   30.708325    0.194481  -13.893298 
   7.910000   71.152714   30.569392    0.193119  -13.896045 
   7.920000   71.154645   30.430432    0.191767  -13.898773 
   7.930000   71.156563   30.291444    0.190425  -13.901481 
   7.940000   71.158467   30.152429    0.189092  -13.904171 
   7.950000   71.160358   30.013387    0.187768  -13.906842 
   7.960000   71.162235   29.874319    0.186454  -13.909494 
   7.970000   71.164100   29.735224    0.185149  -13.912127 
   7.980000   71.165951   29.596103    0.183853  -13.914743 
   7.990000   71.167790   29.456955    0.182566  -13.917339 
   8.000000   71.169616   29.317782    0.181288  -13.919918 
   8.010000   71.171428   29.178583    0.180019  -13.922479 
   8.020000   71.173229   29.039358    0.178759  -13.925021 
   8.030000   71.175016   28.900108    0.177508  -13.927546 
   8.040000   71.176791   28.760832    0.176265  -13.930053 
   8.050000   71.178554   28.621532    0.175031  -13.932543 
   8.060000   71.180304   28.482206    0.173806  -13.935015 
   8.070000   71.182042   28.342856    0.172589  -13.937470 
   8.080000   71.183768   28.203482    0.171381  -13.939908 
   8.090000   71.185482   28.064083    0.170181  -13.942328 
   8.100000   71.187184   27.924659    0.168990  -13.944732 
   8.110000   71.188874   27.785212    0.167807  -13.947119 
   8.120000   71.190552   27.645741    0.166633  -13.949489 
   8.130000   71.192218   27.506246    0.165466  -13.951843 
   8.140000   71.193873   27.366727    0.164308  -13.954180 
   8.150000   71.195516   27.227186    0.163158  -13.956500 
   8.160000   71.197147   27.087621    0.162016  -13.958805 
   8.170000   71.198768   26.948033    0.160882  -13.961093 
   8.180000   71.200376   26.808422    0.159755  -13.963366 
   8.190000   71.201974   26.668788    0.158637  -13.965622 
   8.200000   71.203560   26.529132    0.157527  -13.967863 
   8.210000   71.205136   26.389453    0.156424  -13.970088 
   8.220000   71.206700   26.249752    0.155329  -13.972297 
   8.230000   71.208253   26.110029    0.154242  -13.974491 
   8.240000   71.209796   25.970284    0.153162  -13.976670 
   8.250000   71.211327   25.830518    0.152090  -13.978833 
   8.260000   71.212848   25.690729    0.151025  -13.980981 
   8.270000   71.214358   25.550920    0.149968  -13.983114 
   8.280000   71.215858   25.411088    0.148918  -13.985232 
   8.290000   71.217347   25.271236    0.147876  -13.987336 
   8.300000   71.218826   25.131363    0.146841  -13.989424 
   8.310000   71.220294   24.991468    0.145813  -13.991498 
   8.320000   71.221753   24.851553    0.144792  -13.993558 
   8.330000   71.223200   24.711618    0.143779  -13.995603 
   8.340000   71.224638   24.571662    0.142772  -13.997634 
   8.350000   71.226066   24.431686    0.141773  -13.999650 
   8.360000   71.227484   24.291689    0.140780  -14.001653 
   8.370000   71.228891   24.151672    0.139795  -14.003641 
   8.380000   71.230289   24.011636    0.138816  -14.005616 
   8.390000   71.231678   23.871580    0.137845  -14.007576 
   8.400000   71.233056   23.731504    0.136880  -14.009523 
   8.410000   71.234425   23.591409    0.135921  -14.011457 
   8.420000   71.235784   23.451294    0.134970  -14.013377 
   8.430000   71.237134   23.311161    0.134025  -14.015283 
   8.440000   71.238474   23.171008    0.133087  -14.017176 
   8.450000   71.239805   23.030836    0.132155  -14.019056 
   8.460000   71.241126   22.890645    0.131230  -14.020922 
   8.470000   71.242439   22.750436    0.130312  -14.022776 
   8.480000   71.243742   22.610208    0.129400  -14.024616 
   8.490000   71.245036   22.469962    0.128494  -14.026444 
   8.500000   71.246321   22.329698    0.127594  -14.028259 
   8.510000   71.247597   22.189415    0.126701  -14.030061 
   8.520000   71.248864   22.049115    0.125814  -14.031851 
   8.530000   71.250122   21.908796    0.124934  -14.033628 
   8.540000   71.251371   21.768460    0.124059  -14.035392 
   8.550000   71.252612   21.628106    0.123191  -14.037145 
   8.560000   71.253844   21.487735    0.122328  -14.038885 
   8.570000   71.255067   21.347346    0.121472  -14.040612 
   8.580000   71.256282   21.206940    0.120622  -14.042328 
   8.590000   71.257488   21.066516    0.119777  -14.044032 
   8.600000   71.258686   20.926076    0.118939  -14.045724 
   8.610000   71.259875   20.785619    0.118106  -14.047404 
   8.620000   71.261056   20.645145    0.117280  -14.049072 
   8.630000   71.262229   20.504654    0.116459  -14.050728 
   8.640000   71.263394   20.364147    0.115643  -14.052373 
   8.650000   71.264550   20.223623    0.114834  -14.054007 
   8.660000   71.265698   20.083083    0.114030  -14.055629 
   8.670000   71.266839   19.942527    0.113232  -14.057239 
   8.680000   71.267971   19.801954    0.112439  -14.058838 
   8.690000   71.269095   19.661366    0.111652  -14.060427 
   8.700000   71.270212   19.520762    0.110871  -14.062004 
   8.710000   71.271321   19.380141    0.110094  -14.063570 
   8.720000   71.272421   19.239506    0.109324  -14.065125 
   8.730000   71.273515   19.098855    0.108559  -14.066669 
   8.740000   71.274600   18.958188    0.107799  -14.068202 
   8.750000   71.275678   18.817506    0.107044  -14.069725 
   8.760000   71.276749   18.676809    0.106295  -14.071237 
   8.770000   71.277812   18.536096    0.105551  -14.072738 
   8.780000   71.278867   18.395369    0.104812  -14.074229 
   8.790000   71.279915   18.254627    0.104078  -14.075709 
   8.800000   71.280956   18.113869    0.103350  -14.077179 
   8.810000   71.281990   17.973098    0.102626  -14.078639 
   8.820000   71.283016   17.832311    0.101908  -14.080088 
   8.830000   71.284035   17.691510    0.101194  -14.081528 
   8.840000   71.285047   17.550695    0.100486  -14.082957 
   8.850000   71.286052   17.409866    0.099783  -14.084376 
   8.860000   71.287050   17.269022    0.099084  -14.085786 
   8.870000   71.288040   17.128164    0.098391  -14.087185 
   8.880000   71.289024   16.987292    0.097702  -14.088575 
   8.890000   71.290001   16.846406    0.097018  -14.089955 
   8.900000   71.290971   16.705507    0.096339  -14.091325 
   8.910000   71.291935   16.564594    0.095664  -14.092686 
   8.920000   71.292892   16.423667    0.094995  -14.094037 
   8.930000   71.293841   16.282726    0.094330  -14.095379 
   8.940000   71.294785   16.141773    0.093670  -14.096711 
   8.950000   71.295721   16.000805    0.093014  -14.098034 
   8.960000   71.296652   15.859825    0.092363  -14.099348 
   8.970000   71.297575   15.718832    0.091716  -14.100653 
   8.980000   71.298492   15.577825    0.091074  -14.101948 
   8.990000   71.299403   15.436806    0.090437  -14.103234 
   9.000000   71.300308   15.295773    0.089804  -14.104512 
   9.010000   71.301206   15.154728    0.089175  -14.105780 
   9.020000   71.302097   15.013670    0.088551  -14.107040 
   9.030000   71.302983   14.872600    0.087931  -14.108290 
   9.040000   71.303862   14.731517    0.087315  -14.109532 
   9.050000   71.304735   14.590422    0.086704  -14.110766 
   9.060000   71.305602   14.449314    0.086097  -14.111990 
   9.070000   71.306463   14.308194    0.085495  -14.113206 
   9.080000   71.307318   14.167062    0.084896  -14.114414 
   9.090000   71.308167   14.025918    0.084302  -14.115613 
   9.100000   71.309010   13.884762    0.083712  -14.116804 
   9.110000   71.309847   13.743594    0.083126  -14.117986 
   9.120000   71.310679   13.602414    0.082544  -14.119160 
   9.130000   71.311504   13.461222    0.081966  -14.120326 
   9.140000   71.312324   13.320019    0.081392  -14.121484 
   9.150000   71.313138   13.178804    0.080823  -14.122633 
   9.160000   71.313946   13.037578    0.080257  -14.123775 
   9.170000   71.314748   12.896340    0.079695  -14.124909 
   9.180000   71.315545   12.755091    0.079137  -14.126034 
   9.190000   71.316337   12.613831    0.078583  -14.127152 
   9.200000   71.317123   12.472559    0.078033  -14.128262 
   9.210000   71.317903   12.331277    0.077487  -14.129364 
   9.220000   71.318678   12.189983    0.076944  -14.130459 
   9.230000   71.319447   12.048678    0.076406  -14.131545 
   9.240000   71.320211   11.907363    0.075871  -14.132625 
   9.250000   71.320970   11.766037    0.075340  -14.133696 
   9.260000   71.321723   11.624700    0.074813  -14.134760 
   9.270000   71.322471   11.483352    0.074289  -14.135817 
   9.280000   71.323214   11.341994    0.073769  -14.136866 
   9.290000   71.323952   11.200625    0.073252  -14.137908 
   9.300000   71.324685   11.059246    0.072740  -14.138943 
   9.310000   71.325412   10.917857    0.072230  -14.139970 
   9.320000   71.326134   10.776457    0.071725  -14.140990 
   9.330000   71.326852   10.635047    0.071223  -14.142003 
   9.340000   71.327564   10.493627    0.070724  -14.143009 
   9.350000   71.328271   10.352197    0.070229  -14.144008 
   9.360000   71.328973   10.210757    0.069738  -14.145000 
   9.370000   71.329671   10.069307    0.069249  -14.145985 
   9.380000   71.330363    9.927847    0.068765  -14.146963 
   9.390000   71.331051    9.786377    0.068283  -14.147935 
   9.400000   71.331734    9.644898    0.067805  -14.148899 
   9.410000   71.332412    9.503409    0.067331  -14.149857 
   9.420000   71.333085    9.361910    0.066859  -14.150808 
   9.430000   71.333754    9.220402    0.066391  -14.151752 
   9.440000   71.334418    9.078885    0.065927  -14.152690 
   9.450000   71.335077    8.937358    0.065465  -14.153621 
   9.460000   71.335731    8.795822    0.065007  -14.154546 
   9.470000   71.336381    8.654276    0.064552  -14.155464 
   9.480000   71.337027    8.512722    0.064100  -14.156376 
   9.490000   71.337668    8.371158    0.063651  -14.157281 
   9.500000   71.338305    8.229585    0.063206  -14.158180 
   9.510000   71.338937    8.088003    0.062763  -14.159073 
   9.520000   71.339564    7.946413    0.062324  -14.159959 
   9.530000   71.340187    7.804813    0.061888  -14.160840 
   9.540000   71.340806    7.663205    0.061454  -14.161714 
   9.550000   71.341421    7.521587    0.061024  -14.162582 
   9.560000   71.342031    7.379962    0.060597  -14.163444 
   9.570000   71.342637    7.238327    0.060173  -14.164300 
   9.580000   71.343239    7.096684    0.059752  -14.165149 
   9.590000   71.343836    6.955033    0.059333  -14.165993 
   9.600000   71.344430    6.813373    0.058918  -14.166831 
   9.610000   71.345019    6.671704    0.058506  -14.167664 
   9.620000   71.345604    6.530028    0.058096  -14.168490 
   9.630000   71.346185    6.388343    0.057689  -14.169311 
   9.640000   71.346762    6.246650    0.057286  -14.170125 
   9.650000   71.347335    6.104949    0.056885  -14.170935 
   9.660000   71.347903    5.963239    0.056486  -14.171738 
   9.670000   71.348468    5.821522    0.056091  -14.172536 
   9.680000   71.349029    5.679796    0.055698  -14.173328 
   9.690000   71.349586    5.538063    0.055309  -14.174115 
   9.700000   71.350139    5.396322    0.054921  -14.174896 
   9.710000   71.350689    5.254573    0.054537  -14.175672 
   9.720000   71.351234    5.112816    0.054155  -14.176442 
   9.730000   71.351775    4.971052    0.053776  -14.177207 
   9.740000   71.352313    4.829280    0.053400  -14.177966 
   9.750000   71.352847    4.687500    0.053026  -14.178721 
   9.760000   71.353377    4.545713    0.052655  -14.179470 
   9.770000   71.353904    4.403918    0.052286  -14.180213 
   9.780000   71.354427    4.262116    0.051920  -14.180952 
   9.790000   71.354946    4.120307    0.051557  -14.181685 
   9.800000   71.355462    3.978490    0.051196  -14.182413 
   9.810000   71.355974    3.836666    0.050837  -14.183136 
   9.820000   71.356482    3.694834    0.050481  -14.183855 
   9.830000   71.356987    3.552996    0.050128  -14.184568 
   9.840000   71.357488    3.411150    0.049777  -14.185276 
   9.850000   71.357986    3.269297    0.049429  -14.185979 
   9.860000   71.358480    3.127438    0.049083  -14.186677 
   9.870000   71.358971    2.985571    0.048739  -14.187370 
   9.880000   71.359458    2.843697    0.048398  -14.188058 
   9.890000   71.359942    2.701817    0.048059  -14.188742 
   9.900000   71.360423    2.559929    0.047723  -14.189421 
   9.910000   71.360900    2.418035    0.047389  -14.190095 
   9.920000   71.361374    2.276134    0.047057  -14.190764 
   9.930000   71.361845    2.134226    0.046728  -14.191429 
   9.940000   71.362312    1.992312    0.046401  -14.192089 
   9.950000   71.362776    1.850391    0.046076  -14.192744 
   9.960000   71.363237    1.708464    0.045753  -14.193395 
   9.970000   71.363694    1.566530    0.045433  -14.194041 
   9.980000   71.364149    1.424589    0.045115  -14.194683 
   9.990000   71.364600    1.282642    0.044799  -14.195320 
  10.000000   71.365048    1.140689    0.044486  -14.195953 
  10.010000   71.365492    0.998730    0.044174  -14.196581 
  10.020000   71.365934    0.856764    0.043865  -14.197205 
  10.030000   71.366373    0.714792    0.043558  -14.197825 
  10.040000   71.366808    0.572814    0.043253  -14.198440 
  10.050000   71.367241    0.430829    0.042950  -14.199051 
  10.060000   71.367670    0.288839    0.042650  -14.199658 
  10.070000   71.368097    0.146842    0.042351  -14.200260 
  10.080000   71.368521    0.004840    0.042055  -14.200858 
