   0.000000    0.000000    0.000000   86.602546   49.999991 
   0.010000    0.866025    0.500000   86.602546   49.899991 
   0.020000    1.732051    0.999000   86.602546   49.799991 
   0.030000    2.598076    1.497000   86.602546   49.699991 
   0.040000    3.464102    1.994000   86.602546   49.599991 
   0.050000    4.330127    2.490000   86.602546   49.499991 
   0.060000    5.196153    2.984999   86.602546   49.399991 
   0.070000    6.062178    3.478999   86.602546   49.299991 
   0.080000    6.928204    3.971999   86.602546   49.199991 
   0.090000    7.794229    4.463999   86.602546   49.099991 
   0.100000    8.660255    4.954999   86.602546   48.999991 
   0.110000    9.526280    5.444999   86.602546   48.899991 
   0.120000   10.392305    5.933999   86.602546   48.799991 
   0.130000   11.258331    6.421999   86.602546   48.699991 
   0.140000   12.124356    6.908999   86.602546   48.599991 
   0.150000   12.990382    7.394999   86.602546   48.499991 
   0.160000   13.856407    7.879998   86.602546   48.399991 
   0.170000   14.722433    8.363998   86.602546   48.299991 
   0.180000   15.588458    8.846998   86.602546   48.199991 
   0.190000   16.454484    9.328998   86.602546   48.099991 
   0.200000   17.320509    9.809998   86.602546   47.999991 
   0.210000   18.186535   10.289998   86.602546   47.899991 
   0.220000   19.052560   10.768998   86.602546   47.799991 
   0.230000   19.918586   11.246998   86.602546   47.699991 
   0.240000   20.784611   11.723998   86.602546   47.599991 
   0.250000   21.650636   12.199998   86.602546   47.499991 
   0.260000   22.516662   12.674998   86.602546   47.399991 
   0.270000   23.382687   13.148997   86.602546   47.299991 
   0.280000   24.248713   13.621997   86.602546   47.199991 
   0.290000   25.114738   14.093997   86.602546   47.099991 
   0.300000   25.980764   14.564997   86.602546   46.999991 
   0.310000   26.846789   15.034997   86.602546   46.899991 
   0.320000   27.712815   15.503997   86.602546   46.799991 
   0.330000   28.578840   15.971997   86.602546   46.699991 
   0.340000   29.444866   16.438997   86.602546   46.599991 
   0.350000   30.310891   16.904997   86.602546   46.499991 
   0.360000   31.176916   17.369997   86.602546   46.399991 
   0.370000   32.042942   17.833997   86.602546   46.299991 
   0.380000   32.908967   18.296996   86.602546   46.199991 
   0.390000   33.774993   18.758996   86.602546   46.099991 
   0.400000   34.641018   19.219996   86.602546   45.999991 
   0.410000   35.507044   19.679996   86.602546   45.899991 
   0.420000   36.373069   20.138996   86.602546   45.799991 
   0.430000   37.239095   20.596996   86.602546   45.699991 
   0.440000   38.105120   21.053996   86.602546   45.599991 
   0.450000   38.971146   21.509996   86.602546   45.499991 
   0.460000   39.837171   21.964996   86.602546   45.399991 
   0.470000   40.703197   22.418996   86.602546   45.299991 
   0.480000   41.569222   22.871995   86.602546   45.199991 
   0.490000   42.435247   23.323995   86.602546   45.099991 
   0.500000   43.301273   23.774995   86.602546   44.999991 
   0.510000   44.167298   24.224995   86.602546   44.899991 
   0.520000   45.033324   24.673995   86.602546   44.799991 
   0.530000   45.899349   25.121995   86.602546   44.699991 
   0.540000   46.765375   25.568995   86.602546   44.599991 
   0.550000   47.631400   26.014995   86.602546   44.499991 
   0.560000   48.497426   26.459995   86.602546   44.399991 
   0.570000   49.363451   26.903995   86.602546   44.299991 
   0.580000   50.229477   27.346995   86.602546   44.199991 
   0.590000   51.095502   27.788994   86.602546   44.099991 
   0.600000   51.961527   28.229994   86.602546   43.999991 
   0.610000   52.827553   28.669994   86.602546   43.899991 
   0.620000   53.693578   29.108994   86.602546   43.799991 
   0.630000   54.559604   29.546994   86.602546   43.699991 
   0.640000   55.425629   29.983994   86.602546   43.599991 
   0.650000   56.291655   30.419994   86.602546   43.499991 
   0.660000   57.157680   30.854994   86.602546   43.399991 
   0.670000   58.023706   31.288994   86.602546   43.299991 
   0.680000   58.889731   31.721994   86.602546   43.199991 
   0.690000   59.755757   32.153993   86.602546   43.099991 
   0.700000   60.621782   32.584993   86.602546   42.999991 
   0.710000   61.487808   33.014993   86.602546   42.899991 
   0.720000   62.353833   33.443993   86.602546   42.799991 
   0.730000   63.219858   33.871993   86.602546   42.699991 
   0.740000   64.085884   34.298993   86.602546   42.599991 
   0.750000   64.951909   34.724993   86.602546   42.499991 
   0.760000   65.817935   35.149993   86.602546   42.399991 
   0.770000   66.683960   35.573993   86.602546   42.299991 
   0.780000   67.549986   35.996993   86.602546   42.199991 
   0.790000   68.416011   36.418993   86.602546   42.099991 
   0.800000   69.282037   36.839992   86.602546   41.999991 
   0.810000   70.148062   37.259992   86.602546   41.899991 
   0.820000   71.014088   37.678992   86.602546   41.799991 
   0.830000   71.880113   38.096992   86.602546   41.699991 
   0.840000   72.746138   38.513992   86.602546   41.599991 
   0.850000   73.612164   38.929992   86.602546   41.499991 
   0.860000   74.478189   39.344992   86.602546   41.399991 
   0.870000   75.344215   39.758992   86.602546   41.299991 
   0.880000   76.210240   40.171992   86.602546   41.199991 
   0.890000   77.076266   40.583992   86.602546   41.099991 
   0.900000   77.942291   40.994992   86.602546   40.999991 
   0.910000   78.808317   41.404991   86.602546   40.899991 
   0.920000   79.674342   41.813991   86.602546   40.799991 
   0.930000   80.540368   42.221991   86.602546   40.699991 
   0.940000   81.406393   42.628991   86.602546   40.599991 
   0.950000   82.272419   43.034991   86.602546   40.499991 
   0.960000   83.138444   43.439991   86.602546   40.399991 
   0.970000   84.004469   43.843991   86.602546   40.299991 
   0.980000   84.870495   44.246991   86.602546   40.199991 
   0.990000   85.736520   44.648991   86.602546   40.099991 
   1.000000   86.602546   45.049991   86.602546   39.999991 
   1.010000   87.468571   45.449990   86.602546   39.899991 
   1.020000   88.334597   45.848990   86.602546   39.799991 
   1.030000   89.200622   46.246990   86.602546   39.699991 
   1.040000   90.066648   46.643990   86.602546   39.599991 
   1.050000   90.932673   47.039990   86.602546   39.499991 
   1.060000   91.798699   47.434990   86.602546   39.399991 
   1.070000   92.664724   47.828990   86.602546   39.299991 
   1.080000   93.530749   48.221990   86.602546   39.199991 
   1.090000   94.396775   48.613990   86.602546   39.099991 
   1.100000   95.262800   49.004990   86.602546   38.999991 
   1.110000   96.128826   49.394990   86.602546   38.899991 
   1.120000   96.994851   49.783989   86.602546   38.799991 
   1.130000   97.860877   50.171989   86.602546   38.699991 
   1.140000   98.726902   50.558989   86.602546   38.599991 
   1.150000   99.592928   50.944989   86.602546   38.499991 
   1.160000  100.458953   51.329989   86.602546   38.399991 
   1.170000  101.324979   51.713989   86.602546   38.299991 
   1.180000  102.191004   52.096989   86.602546   38.199991 
   1.190000  103.057030   52.478989   86.602546   38.099991 
   1.200000  103.923055   52.859989   86.602546   37.999991 
   1.210000  104.789080   53.239989   86.602546   37.899991 
   1.220000  105.655106   53.618988   86.602546   37.799991 
   1.230000  106.521131   53.996988   86.602546   37.699991 
   1.240000  107.387157   54.373988   86.602546   37.599991 
   1.250000  108.253182   54.749988   86.602546   37.499991 
   1.260000  109.119208   55.124988   86.602546   37.399991 
   1.270000  109.985233   55.498988   86.602546   37.299991 
   1.280000  110.851259   55.871988   86.602546   37.199991 
   1.290000  111.717284   56.243988   86.602546   37.099991 
   1.300000  112.583310   56.614988   86.602546   36.999991 
   1.310000  113.449335   56.984988   86.602546   36.899991 
   1.320000  114.315360   57.353988   86.602546   36.799991 
   1.330000  115.181386   57.721987   86.602546   36.699991 
   1.340000  116.047411   58.088987   86.602546   36.599991 
   1.350000  116.913437   58.454987   86.602546   36.499991 
   1.360000  117.779462   58.819987   86.602546   36.399991 
   1.370000  118.645488   59.183987   86.602546   36.299991 
   1.380000  119.511513   59.546987   86.602546   36.199991 
   1.390000  120.377539   59.908987   86.602546   36.099991 
   1.400000  121.243564   60.269987   86.602546   35.999991 
   1.410000  122.109590   60.629987   86.602546   35.899991 
   1.420000  122.975615   60.988987   86.602546   35.799991 
   1.430000  123.841641   61.346987   86.602546   35.699991 
   1.440000  124.707666   61.703986   86.602546   35.599991 
   1.450000  125.573691   62.059986   86.602546   35.499991 
   1.460000  126.439717   62.414986   86.602546   35.399991 
   1.470000  127.305742   62.768986   86.602546   35.299991 
   1.480000  128.171768   63.121986   86.602546   35.199991 
   1.490000  129.037793   63.473986   86.602546   35.099991 
   1.500000  129.903819   63.824986   86.602546   34.999991 
   1.510000  130.769844   64.174986   86.602546   34.899991 
   1.520000  131.635870   64.523986   86.602546   34.799991 
   1.530000  132.501895   64.871986   86.602546   34.699991 
   1.540000  133.367921   65.218985   86.602546   34.599991 
   1.550000  134.233946   65.564985   86.602546   34.499991 
   1.560000  135.099971   65.909985   86.602546   34.399991 
   1.570000  135.965997   66.253985   86.602546   34.299991 
   1.580000  136.832022   66.596985   86.602546   34.199991 
   1.590000  137.698048   66.938985   86.602546   34.099991 
   1.600000  138.564073   67.279985   86.602546   33.999991 
   1.610000  139.430099   67.619985   86.602546   33.899991 
   1.620000  140.296124   67.958985   86.602546   33.799991 
   1.630000  141.162150   68.296985   86.602546   33.699991 
   1.640000  142.028175   68.633985   86.602546   33.599991 
   1.650000  142.894201   68.969984   86.602546   33.499991 
   1.660000  143.760226   69.304984   86.602546   33.399991 
   1.670000  144.626252   69.638984   86.602546   33.299991 
   1.680000  145.492277   69.971984   86.602546   33.199991 
   1.690000  146.358302   70.303984   86.602546   33.099991 
   1.700000  147.224328   70.634984   86.602546   32.999991 
   1.710000  148.090353   70.964984   86.602546   32.899991 
   1.720000  148.956379   71.293984   86.602546   32.799991 
   1.730000  149.822404   71.621984   86.602546   32.699991 
   1.740000  150.688430   71.948984   86.602546   32.599991 
   1.750000  151.554455   72.274983   86.602546   32.499991 
   1.760000  152.420481   72.599983   86.602546   32.399991 
   1.770000  153.286506   72.923983   86.602546   32.299991 
   1.780000  154.152532   73.246983   86.602546   32.199991 
   1.790000  155.018557   73.568983   86.602546   32.099991 
   1.800000  155.884582   73.889983   86.602546   31.999991 
   1.810000  156.750608   74.209983   86.602546   31.899991 
   1.820000  157.616633   74.528983   86.602546   31.799991 
   1.830000  158.482659   74.846983   86.602546   31.699991 
   1.840000  159.348684   75.163983   86.602546   31.599991 
   1.850000  160.214710   75.479983   86.602546   31.499991 
   1.860000  161.080735   75.794982   86.602546   31.399991 
   1.870000  161.946761   76.108982   86.602546   31.299991 
   1.880000  162.812786   76.421982   86.602546   31.199991 
   1.890000  163.678812   76.733982   86.602546   31.099991 
   1.900000  164.544837   77.044982   86.602546   30.999991 
   1.910000  165.410863   77.354982   86.602546   30.899991 
   1.920000  166.276888   77.663982   86.602546   30.799991 
   1.930000  167.142913   77.971982   86.602546   30.699991 
   1.940000  168.008939   78.278982   86.602546   30.599991 
   1.950000  168.874964   78.584982   86.602546   30.499991 
   1.960000  169.740990   78.889982   86.602546   30.399991 
   1.970000  170.607015   79.193981   86.602546   30.299991 
   1.980000  171.473041   79.496981   86.602546   30.199991 
   1.990000  172.339066   79.798981   86.602546   30.099991 
   2.000000  173.205092   80.099981   86.602546   29.999991 
   2.010000  174.071117   80.399981   86.602546   29.899991 
   2.020000  174.937143   80.698981   86.602546   29.799991 
   2.030000  175.803168   80.996981   86.602546   29.699991 
   2.040000  176.669193   81.293981   86.602546   29.599991 
   2.050000  177.535219   81.589981   86.602546   29.499991 
   2.060000  178.401244   81.884981   86.602546   29.399991 
   2.070000  179.267270   82.178980   86.602546   29.299991 
   2.080000  180.133295   82.471980   86.602546   29.199991 
   2.090000  180.999321   82.763980   86.602546   29.099991 
   2.100000  181.865346   83.054980   86.602546   28.999991 
   2.110000  182.731372   83.344980   86.602546   28.899991 
   2.120000  183.597397   83.633980   86.602546   28.799991 
   2.130000  184.463423   83.921980   86.602546   28.699991 
   2.140000  185.329448   84.208980   86.602546   28.599991 
   2.150000  186.195474   84.494980   86.602546   28.499991 
   2.160000  187.061499   84.779980   86.602546   28.399991 
   2.170000  187.927524   85.063980   86.602546   28.299991 
   2.180000  188.793550   85.346979   86.602546   28.199991 
   2.190000  189.659575   85.628979   86.602546   28.099991 
   2.200000  190.525601   85.909979   86.602546   27.999991 
   2.210000  191.391626   86.189979   86.602546   27.899991 
   2.220000  192.257652   86.468979   86.602546   27.799991 
   2.230000  193.123677   86.746979   86.602546   27.699991 
   2.240000  193.989703   87.023979   86.602546   27.599991 
   2.250000  194.855728   87.299979   86.602546   27.499991 
   2.260000  195.721754   87.574979   86.602546   27.399991 
   2.270000  196.587779   87.848979   86.602546   27.299991 
   2.280000  197.453804   88.121978   86.602546   27.199991 
   2.290000  198.319830   88.393978   86.602546   27.099991 
   2.300000  199.185855   88.664978   86.602546   26.999991 
   2.310000  200.051881   88.934978   86.602546   26.899991 
   2.320000  200.917906   89.203978   86.602546   26.799991 
   2.330000  201.783932   89.471978   86.602546   26.699991 
   2.340000  202.649957   89.738978   86.602546   26.599991 
   2.350000  203.515983   90.004978   86.602546   26.499991 
   2.360000  204.382008   90.269978   86.602546   26.399991 
   2.370000  205.248034   90.533978   86.602546   26.299991 
   2.380000  206.114059   90.796978   86.602546   26.199991 
   2.390000  206.980085   91.058977   86.602546   26.099991 
   2.400000  207.846110   91.319977   86.602546   25.999991 
   2.410000  208.712135   91.579977   86.602546   25.899991 
   2.420000  209.578161   91.838977   86.602546   25.799991 
   2.430000  210.444186   92.096977   86.602546   25.699991 
   2.440000  211.310212   92.353977   86.602546   25.599991 
   2.450000  212.176237   92.609977   86.602546   25.499991 
   2.460000  213.042263   92.864977   86.602546   25.399991 
   2.470000  213.908288   93.118977   86.602546   25.299991 
   2.480000  214.774314   93.371977   86.602546   25.199991 
   2.490000  215.640339   93.623977   86.602546   25.099991 
   2.500000  216.506365   93.874976   86.602546   24.999991 
   2.510000  217.372390   94.124976   86.602546   24.899991 
   2.520000  218.238415   94.373976   86.602546   24.799991 
   2.530000  219.104441   94.621976   86.602546   24.699991 
   2.540000  219.970466   94.868976   86.602546   24.599991 
   2.550000  220.836492   95.114976   86.602546   24.499991 
   2.560000  221.702517   95.359976   86.602546   24.399991 
   2.570000  222.568543   95.603976   86.602546   24.299991 
   2.580000  223.434568   95.846976   86.602546   24.199991 
   2.590000  224.300594   96.088976   86.602546   24.099991 
   2.600000  225.166619   96.329975   86.602546   23.999991 
   2.610000  226.032645   96.569975   86.602546   23.899991 
   2.620000  226.898670   96.808975   86.602546   23.799991 
   2.630000  227.764696   97.046975   86.602546   23.699991 
   2.640000  228.630721   97.283975   86.602546   23.599991 
   2.650000  229.496746   97.519975   86.602546   23.499991 
   2.660000  230.362772   97.754975   86.602546   23.399991 
   2.670000  231.228797   97.988975   86.602546   23.299991 
   2.680000  232.094823   98.221975   86.602546   23.199991 
   2.690000  232.960848   98.453975   86.602546   23.099991 
   2.700000  233.826874   98.684975   86.602546   22.999991 
   2.710000  234.692899   98.914974   86.602546   22.899991 
   2.720000  235.558925   99.143974   86.602546   22.799991 
   2.730000  236.424950   99.371974   86.602546   22.699991 
   2.740000  237.290976   99.598974   86.602546   22.599991 
   2.750000  238.157001   99.824974   86.602546   22.499991 
   2.760000  239.023026  100.049974   86.602546   22.399991 
   2.770000  239.889052  100.273974   86.602546   22.299991 
   2.780000  240.755077  100.496974   86.602546   22.199991 
   2.790000  241.621103  100.718974   86.602546   22.099991 
   2.800000  242.487128  100.939974   86.602546   21.999991 
   2.810000  243.353154  101.159973   86.602546   21.899991 
   2.820000  244.219179  101.378973   86.602546   21.799991 
   2.830000  245.085205  101.596973   86.602546   21.699991 
   2.840000  245.951230  101.813973   86.602546   21.599991 
   2.850000  246.817256  102.029973   86.602546   21.499991 
   2.860000  247.683281  102.244973   86.602546   21.399991 
   2.870000  248.549307  102.458973   86.602546   21.299991 
   2.880000  249.415332  102.671973   86.602546   21.199991 
   2.890000  250.281357  102.883973   86.602546   21.099991 
   2.900000  251.147383  103.094973   86.602546   20.999991 
   2.910000  252.013408  103.304973   86.602546   20.899991 
   2.920000  252.879434  103.513972   86.602546   20.799991 
   2.930000  253.745459  103.721972   86.602546   20.699991 
   2.940000  254.611485  103.928972   86.602546   20.599991 
   2.950000  255.477510  104.134972   86.602546   20.499991 
   2.960000  256.343536  104.339972   86.602546   20.399991 
   2.970000  257.209561  104.543972   86.602546   20.299991 
   2.980000  258.075587  104.746972   86.602546   20.199991 
   2.990000  258.941612  104.948972   86.602546   20.099991 
   3.000000  259.807637  105.149972   86.602546   19.999991 
   3.010000  260.673663  105.349972   86.602546   19.899991 
   3.020000  261.539688  105.548972   86.602546   19.799991 
   3.030000  262.405714  105.746971   86.602546   19.699991 
   3.040000  263.271739  105.943971   86.602546   19.599991 
   3.050000  264.137765  106.139971   86.602546   19.499991 
   3.060000  265.003790  106.334971   86.602546   19.399991 
   3.070000  265.869816  106.528971   86.602546   19.299991 
   3.080000  266.735841  106.721971   86.602546   19.199991 
   3.090000  267.601867  106.913971   86.602546   19.099991 
   3.100000  268.467892  107.104971   86.602546   18.999991 
   3.110000  269.333918  107.294971   86.602546   18.899991 
   3.120000  270.199943  107.483971   86.602546   18.799991 
   3.130000  271.065968  107.671970   86.602546   18.699991 
   3.140000  271.931994  107.858970   86.602546   18.599991 
   3.150000  272.798019  108.044970   86.602546   18.499991 
   3.160000  273.664045  108.229970   86.602546   18.399991 
   3.170000  274.530070  108.413970   86.602546   18.299991 
   3.180000  275.396096  108.596970   86.602546   18.199991 
   3.190000  276.262121  108.778970   86.602546   18.099991 
   3.200000  277.128147  108.959970   86.602546   17.999991 
   3.210000  277.994172  109.139970   86.602546   17.899991 
   3.220000  278.860198  109.318970   86.602546   17.799991 
   3.230000  279.726223  109.496970   86.602546   17.699991 
   3.240000  280.592248  109.673969   86.602546   17.599991 
   3.250000  281.458274  109.849969   86.602546   17.499991 
   3.260000  282.324299  110.024969   86.602546   17.399991 
   3.270000  283.190325  110.198969   86.602546   17.299991 
   3.280000  284.056350  110.371969   86.602546   17.199991 
   3.290000  284.922376  110.543969   86.602546   17.099991 
   3.300000  285.788401  110.714969   86.602546   16.999991 
   3.310000  286.654427  110.884969   86.602546   16.899991 
   3.320000  287.520452  111.053969   86.602546   16.799991 
   3.330000  288.386478  111.221969   86.602546   16.699991 
   3.340000  289.252503  111.388968   86.602546   16.599991 
   3.350000  290.118529  111.554968   86.602546   16.499991 
   3.360000  290.984554  111.719968   86.602546   16.399991 
   3.370000  291.850579  111.883968   86.602546   16.299991 
   3.380000  292.716605  112.046968   86.602546   16.199991 
   3.390000  293.582630  112.208968   86.602546   16.099991 
   3.400000  294.448656  112.369968   86.602546   15.999991 
   3.410000  295.314681  112.529968   86.602546   15.899991 
   3.420000  296.180707  112.688968   86.602546   15.799991 
   3.430000  297.046732  112.846968   86.602546   15.699991 
   3.440000  297.912758  113.003968   86.602546   15.599991 
   3.450000  298.778783  113.159967   86.602546   15.499991 
   3.460000  299.644809  113.314967   86.602546   15.399991 
   3.470000  300.510834  113.468967   86.602546   15.299991 
   3.480000  301.376859  113.621967   86.602546   15.199991 
   3.490000  302.242885  113.773967   86.602546   15.099991 
   3.500000  303.108910  113.924967   86.602546   14.999991 
   3.510000  303.974936  114.074967   86.602546   14.899991 
   3.520000  304.840961  114.223967   86.602546   14.799991 
   3.530000  305.706987  114.371967   86.602546   14.699991 
   3.540000  306.573012  114.518967   86.602546   14.599991 
   3.550000  307.439038  114.664967   86.602546   14.499991 
   3.560000  308.305063  114.809966   86.602546   14.399991 
   3.570000  309.171089  114.953966   86.602546   14.299991 
   3.580000  310.037114  115.096966   86.602546   14.199991 
   3.590000  310.903140  115.238966   86.602546   14.099991 
   3.600000  311.769165  115.379966   86.602546   13.999991 
   3.610000  312.635190  115.519966   86.602546   13.899991 
   3.620000  313.501216  115.658966   86.602546   13.799991 
   3.630000  314.367241  115.796966   86.602546   13.699991 
   3.640000  315.233267  115.933966   86.602546   13.599991 
   3.650000  316.099292  116.069966   86.602546   13.499991 
   3.660000  316.965318  116.204965   86.602546   13.399991 
   3.670000  317.831343  116.338965   86.602546   13.299991 
   3.680000  318.697369  116.471965   86.602546   13.199991 
   3.690000  319.563394  116.603965   86.602546   13.099991 
   3.700000  320.429420  116.734965   86.602546   12.999991 
   3.710000  321.295445  116.864965   86.602546   12.899991 
   3.720000  322.161470  116.993965   86.602546   12.799991 
   3.730000  323.027496  117.121965   86.602546   12.699991 
   3.740000  323.893521  117.248965   86.602546   12.599991 
   3.750000  324.759547  117.374965   86.602546   12.499991 
   3.760000  325.625572  117.499965   86.602546   12.399991 
   3.770000  326.491598  117.623964   86.602546   12.299991 
   3.780000  327.357623  117.746964   86.602546   12.199991 
   3.790000  328.223649  117.868964   86.602546   12.099991 
   3.800000  329.089674  117.989964   86.602546   11.999991 
   3.810000  329.955700  118.109964   86.602546   11.899991 
   3.820000  330.821725  118.228964   86.602546   11.799991 
   3.830000  331.687751  118.346964   86.602546   11.699991 
   3.840000  332.553776  118.463964   86.602546   11.599991 
   3.850000  333.419801  118.579964   86.602546   11.499991 
   3.860000  334.285827  118.694964   86.602546   11.399991 
   3.870000  335.151852  118.808963   86.602546   11.299991 
   3.880000  336.017878  118.921963   86.602546   11.199991 
   3.890000  336.883903  119.033963   86.602546   11.099991 
   3.900000  337.749929  119.144963   86.602546   10.999991 
   3.910000  338.615954  119.254963   86.602546   10.899991 
   3.920000  339.481980  119.363963   86.602546   10.799991 
   3.930000  340.348005  119.471963   86.602546   10.699991 
   3.940000  341.214031  119.578963   86.602546   10.599991 
   3.950000  342.080056  119.684963   86.602546   10.499991 
   3.960000  342.946081  119.789963   86.602546   10.399991 
   3.970000  343.812107  119.893963   86.602546   10.299991 
   3.980000  344.678132  119.996962   86.602546   10.199991 
   3.990000  345.544158  120.098962   86.602546   10.099991 
   4.000000  346.410183  120.199962   86.602546    9.999991 
   4.010000  347.276209  120.299962   86.602546    9.899991 
   4.020000  348.142234  120.398962   86.602546    9.799991 
   4.030000  349.008260  120.496962   86.602546    9.699991 
   4.040000  349.874285  120.593962   86.602546    9.599991 
   4.050000  350.740311  120.689962   86.602546    9.499991 
   4.060000  351.606336  120.784962   86.602546    9.399991 
   4.070000  352.472362  120.878962   86.602546    9.299991 
   4.080000  353.338387  120.971962   86.602546    9.199991 
   4.090000  354.204412  121.063961   86.602546    9.099991 
   4.100000  355.070438  121.154961   86.602546    8.999991 
   4.110000  355.936463  121.244961   86.602546    8.899991 
   4.120000  356.802489  121.333961   86.602546    8.799991 
   4.130000  357.668514  121.421961   86.602546    8.699991 
   4.140000  358.534540  121.508961   86.602546    8.599991 
   4.150000  359.400565  121.594961   86.602546    8.499991 
   4.160000  360.266591  121.679961   86.602546    8.399991 
   4.170000  361.132616  121.763961   86.602546    8.299991 
   4.180000  361.998642  121.846961   86.602546    8.199991 
   4.190000  362.864667  121.928960   86.602546    8.099991 
   4.200000  363.730692  122.009960   86.602546    7.999991 
   4.210000  364.596718  122.089960   86.602546    7.899991 
   4.220000  365.462743  122.168960   86.602546    7.799991 
   4.230000  366.328769  122.246960   86.602546    7.699991 
   4.240000  367.194794  122.323960   86.602546    7.599991 
   4.250000  368.060820  122.399960   86.602546    7.499991 
   4.260000  368.926845  122.474960   86.602546    7.399991 
   4.270000  369.792871  122.548960   86.602546    7.299991 
   4.280000  370.658896  122.621960   86.602546    7.199991 
   4.290000  371.524922  122.693960   86.602546    7.099991 
   4.300000  372.390947  122.764959   86.602546    6.999991 
   4.310000  373.256973  122.834959   86.602546    6.899991 
   4.320000  374.122998  122.903959   86.602546    6.799991 
   4.330000  374.989023  122.971959   86.602546    6.699991 
   4.340000  375.855049  123.038959   86.602546    6.599991 
   4.350000  376.721074  123.104959   86.602546    6.499991 
   4.360000  377.587100  123.169959   86.602546    6.399991 
   4.370000  378.453125  123.233959   86.602546    6.299991 
   4.380000  379.319151  123.296959   86.602546    6.199991 
   4.390000  380.185176  123.358959   86.602546    6.099991 
   4.400000  381.051202  123.419958   86.602546    5.999991 
   4.410000  381.917227  123.479958   86.602546    5.899991 
   4.420000  382.783253  123.538958   86.602546    5.799991 
   4.430000  383.649278  123.596958   86.602546    5.699991 
   4.440000  384.515303  123.653958   86.602546    5.599991 
   4.450000  385.381329  123.709958   86.602546    5.499991 
   4.460000  386.247354  123.764958   86.602546    5.399991 
   4.470000  387.113380  123.818958   86.602546    5.299991 
   4.480000  387.979405  123.871958   86.602546    5.199991 
   4.490000  388.845431  123.923958   86.602546    5.099991 
   4.500000  389.711456  123.974958   86.602546    4.999991 
   4.510000  390.577482  124.024957   86.602546    4.899991 
   4.520000  391.443507  124.073957   86.602546    4.799991 
   4.530000  392.309533  124.121957   86.602546    4.699991 
   4.540000  393.175558  124.168957   86.602546    4.599991 
   4.550000  394.041584  124.214957   86.602546    4.499991 
   4.560000  394.907609  124.259957   86.602546    4.399991 
   4.570000  395.773634  124.303957   86.602546    4.299991 
   4.580000  396.639660  124.346957   86.602546    4.199991 
   4.590000  397.505685  124.388957   86.602546    4.099991 
   4.600000  398.371711  124.429957   86.602546    3.999991 
   4.610000  399.237736  124.469957   86.602546    3.899991 
   4.620000  400.103762  124.508956   86.602546    3.799991 
   4.630000  400.969787  124.546956   86.602546    3.699991 
   4.640000  401.835813  124.583956   86.602546    3.599991 
   4.650000  402.701838  124.619956   86.602546    3.499991 
   4.660000  403.567864  124.654956   86.602546    3.399991 
   4.670000  404.433889  124.688956   86.602546    3.299991 
   4.680000  405.299914  124.721956   86.602546    3.199991 
   4.690000  406.165940  124.753956   86.602546    3.099991 
   4.700000  407.031965  124.784956   86.602546    2.999991 
   4.710000  407.897991  124.814956   86.602546    2.899991 
   4.720000  408.764016  124.843955   86.602546    2.799991 
   4.730000  409.630042  124.871955   86.602546    2.699991 
   4.740000  410.496067  124.898955   86.602546    2.599991 
   4.750000  411.362093  124.924955   86.602546    2.499991 
   4.760000  412.228118  124.949955   86.602546    2.399991 
   4.770000  413.094144  124.973955   86.602546    2.299991 
   4.780000  413.960169  124.996955   86.602546    2.199991 
   4.790000  414.826195  125.018955   86.602546    2.099991 
   4.800000  415.692220  125.039955   86.602546    1.999991 
   4.810000  416.558245  125.059955   86.602546    1.899991 
   4.820000  417.424271  125.078955   86.602546    1.799991 
   4.830000  418.290296  125.096954   86.602546    1.699991 
   4.840000  419.156322  125.113954   86.602546    1.599991 
   4.850000  420.022347  125.129954   86.602546    1.499991 
   4.860000  420.888373  125.144954   86.602546    1.399991 
   4.870000  421.754398  125.158954   86.602546    1.299991 
   4.880000  422.620424  125.171954   86.602546    1.199991 
   4.890000  423.486449  125.183954   86.602546    1.099991 
   4.900000  424.352475  125.194954   86.602546    0.999991 
   4.910000  425.218500  125.204954   86.602546    0.899991 
   4.920000  426.084525  125.213954   86.602546    0.799991 
   4.930000  426.950551  125.221953   86.602546    0.699991 
   4.940000  427.816576  125.228953   86.602546    0.599991 
   4.950000  428.682602  125.234953   86.602546    0.499991 
   4.960000  429.548627  125.239953   86.602546    0.399991 
   4.970000  430.414653  125.243953   86.602546    0.299991 
   4.980000  431.280678  125.246953   86.602546    0.199991 
   4.990000  432.146704  125.248953   86.602546    0.099991 
   5.000000  433.012729  125.249953   86.602546   -0.000009 
   5.010000  433.878755  125.249953   86.602546   -0.100009 
   5.020000  434.744780  125.248953   86.602546   -0.200009 
   5.030000  435.610805  125.246953   86.602546   -0.300009 
   5.040000  436.476831  125.243952   86.602546   -0.400009 
   5.050000  437.342856  125.239952   86.602546   -0.500009 
   5.060000  438.208882  125.234952   86.602546   -0.600009 
   5.070000  439.074907  125.228952   86.602546   -0.700009 
   5.080000  439.940933  125.221952   86.602546   -0.800009 
   5.090000  440.806958  125.213952   86.602546   -0.900009 
   5.100000  441.672984  125.204952   86.602546   -1.000009 
   5.110000  442.539009  125.194952   86.602546   -1.100009 
   5.120000  443.405035  125.183952   86.602546   -1.200009 
   5.130000  444.271060  125.171952   86.602546   -1.300009 
   5.140000  445.137086  125.158952   86.602546   -1.400009 
   5.150000  446.003111  125.144951   86.602546   -1.500009 
   5.160000  446.869136  125.129951   86.602546   -1.600009 
   5.170000  447.735162  125.113951   86.602546   -1.700009 
   5.180000  448.601187  125.096951   86.602546   -1.800009 
   5.190000  449.467213  125.078951   86.602546   -1.900009 
   5.200000  450.333238  125.059951   86.602546   -2.000009 
   5.210000  451.199264  125.039951   86.602546   -2.100009 
   5.220000  452.065289  125.018951   86.602546   -2.200009 
   5.230000  452.931315  124.996951   86.602546   -2.300009 
   5.240000  453.797340  124.973951   86.602546   -2.400009 
   5.250000  454.663366  124.949950   86.602546   -2.500009 
   5.260000  455.529391  124.924950   86.602546   -2.600009 
   5.270000  456.395416  124.898950   86.602546   -2.700009 
   5.280000  457.261442  124.871950   86.602546   -2.800009 
   5.290000  458.127467  124.843950   86.602546   -2.900009 
   5.300000  458.993493  124.814950   86.602546   -3.000009 
   5.310000  459.859518  124.784950   86.602546   -3.100009 
   5.320000  460.725544  124.753950   86.602546   -3.200009 
   5.330000  461.591569  124.721950   86.602546   -3.300009 
   5.340000  462.457595  124.688950   86.602546   -3.400009 
   5.350000  463.323620  124.654950   86.602546   -3.500009 
   5.360000  464.189646  124.619949   86.602546   -3.600009 
   5.370000  465.055671  124.583949   86.602546   -3.700009 
   5.380000  465.921697  124.546949   86.602546   -3.800009 
   5.390000  466.787722  124.508949   86.602546   -3.900009 
   5.400000  467.653747  124.469949   86.602546   -4.000009 
   5.410000  468.519773  124.429949   86.602546   -4.100009 
   5.420000  469.385798  124.388949   86.602546   -4.200009 
   5.430000  470.251824  124.346949   86.602546   -4.300009 
   5.440000  471.117849  124.303949   86.602546   -4.400009 
   5.450000  471.983875  124.259949   86.602546   -4.500009 
   5.460000  472.849900  124.214948   86.602546   -4.600009 
   5.470000  473.715926  124.168948   86.602546   -4.700009 
   5.480000  474.581951  124.121948   86.602546   -4.800009 
   5.490000  475.447977  124.073948   86.602546   -4.900009 
   5.500000  476.314002  124.024948   86.602546   -5.000009 
   5.510000  477.180027  123.974948   86.602546   -5.100009 
   5.520000  478.046053  123.923948   86.602546   -5.200009 
   5.530000  478.912078  123.871948   86.602546   -5.300009 
   5.540000  479.778104  123.818948   86.602546   -5.400009 
   5.550000  480.644129  123.764948   86.602546   -5.500009 
   5.560000  481.510155  123.709948   86.602546   -5.600009 
   5.570000  482.376180  123.653947   86.602546   -5.700009 
   5.580000  483.242206  123.596947   86.602546   -5.800009 
   5.590000  484.108231  123.538947   86.602546   -5.900009 
   5.600000  484.974257  123.479947   86.602546   -6.000009 
   5.610000  485.840282  123.419947   86.602546   -6.100009 
   5.620000  486.706308  123.358947   86.602546   -6.200009 
   5.630000  487.572333  123.296947   86.602546   -6.300009 
   5.640000  488.438358  123.233947   86.602546   -6.400009 
   5.650000  489.304384  123.169947   86.602546   -6.500009 
   5.660000  490.170409  123.104947   86.602546   -6.600009 
   5.670000  491.036435  123.038947   86.602546   -6.700009 
   5.680000  491.902460  122.971946   86.602546   -6.800009 
   5.690000  492.768486  122.903946   86.602546   -6.900009 
   5.700000  493.634511  122.834946   86.602546   -7.000009 
   5.710000  494.500537  122.764946   86.602546   -7.100009 
   5.720000  495.366562  122.693946   86.602546   -7.200009 
   5.730000  496.232588  122.621946   86.602546   -7.300009 
   5.740000  497.098613  122.548946   86.602546   -7.400009 
   5.750000  497.964638  122.474946   86.602546   -7.500009 
   5.760000  498.830664  122.399946   86.602546   -7.600009 
   5.770000  499.696689  122.323946   86.602546   -7.700009 
   5.780000  500.562715  122.246945   86.602546   -7.800009 
   5.790000  501.428740  122.168945   86.602546   -7.900009 
   5.800000  502.294766  122.089945   86.602546   -8.000009 
   5.810000  503.160791  122.009945   86.602546   -8.100009 
   5.820000  504.026817  121.928945   86.602546   -8.200009 
   5.830000  504.892842  121.846945   86.602546   -8.300009 
   5.840000  505.758868  121.763945   86.602546   -8.400009 
   5.850000  506.624893  121.679945   86.602546   -8.500009 
   5.860000  507.490919  121.594945   86.602546   -8.600009 
   5.870000  508.356944  121.508945   86.602546   -8.700009 
   5.880000  509.222969  121.421945   86.602546   -8.800009 
   5.890000  510.088995  121.333944   86.602546   -8.900009 
   5.900000  510.955020  121.244944   86.602546   -9.000009 
   5.910000  511.821046  121.154944   86.602546   -9.100009 
   5.920000  512.687071  121.063944   86.602546   -9.200009 
   5.930000  513.553097  120.971944   86.602546   -9.300009 
   5.940000  514.419122  120.878944   86.602546   -9.400009 
   5.950000  515.285148  120.784944   86.602546   -9.500009 
   5.960000  516.151173  120.689944   86.602546   -9.600009 
   5.970000  517.017199  120.593944   86.602546   -9.700009 
   5.980000  517.883224  120.496944   86.602546   -9.800009 
   5.990000  518.749249  120.398943   86.602546   -9.900009 
   6.000000  519.615275  120.299943   86.602546  -10.000009 
   6.010000  520.481300  120.199943   86.602546  -10.100009 
   6.020000  521.347326  120.098943   86.602546  -10.200009 
   6.030000  522.213351  119.996943   86.602546  -10.300009 
   6.040000  523.079377  119.893943   86.602546  -10.400009 
   6.050000  523.945402  119.789943   86.602546  -10.500009 
   6.060000  524.811428  119.684943   86.602546  -10.600009 
   6.070000  525.677453  119.578943   86.602546  -10.700009 
   6.080000  526.543479  119.471943   86.602546  -10.800009 
   6.090000  527.409504  119.363943   86.602546  -10.900009 
   6.100000  528.275530  119.254942   86.602546  -11.000009 
   6.110000  529.141555  119.144942   86.602546  -11.100009 
   6.120000  530.007580  119.033942   86.602546  -11.200009 
   6.130000  530.873606  118.921942   86.602546  -11.300009 
   6.140000  531.739631  118.808942   86.602546  -11.400009 
   6.150000  532.605657  118.694942   86.602546  -11.500009 
   6.160000  533.471682  118.579942   86.602546  -11.600009 
   6.170000  534.337708  118.463942   86.602546  -11.700009 
   6.180000  535.203733  118.346942   86.602546  -11.800009 
   6.190000  536.069759  118.228942   86.602546  -11.900009 
   6.200000  536.935784  118.109942   86.602546  -12.000009 
   6.210000  537.801810  117.989941   86.602546  -12.100009 
   6.220000  538.667835  117.868941   86.602546  -12.200009 
   6.230000  539.533860  117.746941   86.602546  -12.300009 
   6.240000  540.399886  117.623941   86.602546  -12.400009 
   6.250000  541.265911  117.499941   86.602546  -12.500009 
   6.260000  542.131937  117.374941   86.602546  -12.600009 
   6.270000  542.997962  117.248941   86.602546  -12.700009 
   6.280000  543.863988  117.121941   86.602546  -12.800009 
   6.290000  544.730013  116.993941   86.602546  -12.900009 
   6.300000  545.596039  116.864941   86.602546  -13.000009 
   6.310000  546.462064  116.734940   86.602546  -13.100009 
   6.320000  547.328090  116.603940   86.602546  -13.200009 
   6.330000  548.194115  116.471940   86.602546  -13.300009 
   6.340000  549.060141  116.338940   86.602546  -13.400009 
   6.350000  549.926166  116.204940   86.602546  -13.500009 
   6.360000  550.792191  116.069940   86.602546  -13.600009 
   6.370000  551.658217  115.933940   86.602546  -13.700009 
   6.380000  552.524242  115.796940   86.602546  -13.800009 
   6.390000  553.390268  115.658940   86.602546  -13.900009 
   6.400000  554.256293  115.519940   86.602546  -14.000009 
   6.410000  555.122319  115.379940   86.602546  -14.100009 
   6.420000  555.988344  115.238939   86.602546  -14.200009 
   6.430000  556.854370  115.096939   86.602546  -14.300009 
   6.440000  557.720395  114.953939   86.602546  -14.400009 
   6.450000  558.586421  114.809939   86.602546  -14.500009 
   6.460000  559.452446  114.664939   86.602546  -14.600009 
   6.470000  560.318471  114.518939   86.602546  -14.700009 
   6.480000  561.184497  114.371939   86.602546  -14.800009 
   6.490000  562.050522  114.223939   86.602546  -14.900009 
   6.500000  562.916548  114.074939   86.602546  -15.000009 
   6.510000  563.782573  113.924939   86.602546  -15.100009 
   6.520000  564.648599  113.773938   86.602546  -15.200009 
   6.530000  565.514624  113.621938   86.602546  -15.300009 
   6.540000  566.380650  113.468938   86.602546  -15.400009 
   6.550000  567.246675  113.314938   86.602546  -15.500009 
   6.560000  568.112701  113.159938   86.602546  -15.600009 
   6.570000  568.978726  113.003938   86.602546  -15.700009 
   6.580000  569.844752  112.846938   86.602546  -15.800009 
   6.590000  570.710777  112.688938   86.602546  -15.900009 
   6.600000  571.576802  112.529938   86.602546  -16.000009 
   6.610000  572.442828  112.369938   86.602546  -16.100009 
   6.620000  573.308853  112.208938   86.602546  -16.200009 
   6.630000  574.174879  112.046937   86.602546  -16.300009 
   6.640000  575.040904  111.883937   86.602546  -16.400009 
   6.650000  575.906930  111.719937   86.602546  -16.500009 
   6.660000  576.772955  111.554937   86.602546  -16.600009 
   6.670000  577.638981  111.388937   86.602546  -16.700009 
   6.680000  578.505006  111.221937   86.602546  -16.800009 
   6.690000  579.371032  111.053937   86.602546  -16.900009 
   6.700000  580.237057  110.884937   86.602546  -17.000009 
   6.710000  581.103082  110.714937   86.602546  -17.100009 
   6.720000  581.969108  110.543937   86.602546  -17.200009 
   6.730000  582.835133  110.371937   86.602546  -17.300009 
   6.740000  583.701159  110.198936   86.602546  -17.400009 
   6.750000  584.567184  110.024936   86.602546  -17.500009 
   6.760000  585.433210  109.849936   86.602546  -17.600009 
   6.770000  586.299235  109.673936   86.602546  -17.700009 
   6.780000  587.165261  109.496936   86.602546  -17.800009 
   6.790000  588.031286  109.318936   86.602546  -17.900009 
   6.800000  588.897312  109.139936   86.602546  -18.000009 
   6.810000  589.763337  108.959936   86.602546  -18.100009 
   6.820000  590.629363  108.778936   86.602546  -18.200009 
   6.830000  591.495388  108.596936   86.602546  -18.300009 
   6.840000  592.361413  108.413935   86.602546  -18.400009 
   6.850000  593.227439  108.229935   86.602546  -18.500009 
   6.860000  594.093464  108.044935   86.602546  -18.600009 
   6.870000  594.959490  107.858935   86.602546  -18.700009 
   6.880000  595.825515  107.671935   86.602546  -18.800009 
   6.890000  596.691541  107.483935   86.602546  -18.900009 
   6.900000  597.557566  107.294935   86.602546  -19.000009 
   6.910000  598.423592  107.104935   86.602546  -19.100009 
   6.920000  599.289617  106.913935   86.602546  -19.200009 
   6.930000  600.155643  106.721935   86.602546  -19.300009 
   6.940000  601.021668  106.528935   86.602546  -19.400009 
   6.950000  601.887693  106.334934   86.602546  -19.500009 
   6.960000  602.753719  106.139934   86.602546  -19.600009 
   6.970000  603.619744  105.943934   86.602546  -19.700009 
   6.980000  604.485770  105.746934   86.602546  -19.800009 
   6.990000  605.351795  105.548934   86.602546  -19.900009 
   7.000000  606.217821  105.349934   86.602546  -20.000009 
   7.010000  607.083846  105.149934   86.602546  -20.100009 
   7.020000  607.949872  104.948934   86.602546  -20.200009 
   7.030000  608.815897  104.746934   86.602546  -20.300009 
   7.040000  609.681923  104.543934   86.602546  -20.400009 
   7.050000  610.547948  104.339933   86.602546  -20.500009 
   7.060000  611.413974  104.134933   86.602546  -20.600009 
   7.070000  612.279999  103.928933   86.602546  -20.700009 
   7.080000  613.146024  103.721933   86.602546  -20.800009 
   7.090000  614.012050  103.513933   86.602546  -20.900009 
   7.100000  614.878075  103.304933   86.602546  -21.000009 
   7.110000  615.744101  103.094933   86.602546  -21.100009 
   7.120000  616.610126  102.883933   86.602546  -21.200009 
   7.130000  617.476152  102.671933   86.602546  -21.300009 
   7.140000  618.342177  102.458933   86.602546  -21.400009 
   7.150000  619.208203  102.244933   86.602546  -21.500009 
   7.160000  620.074228  102.029932   86.602546  -21.600009 
   7.170000  620.940254  101.813932   86.602546  -21.700009 
   7.180000  621.806279  101.596932   86.602546  -21.800009 
   7.190000  622.672304  101.378932   86.602546  -21.900009 
   7.200000  623.538330  101.159932   86.602546  -22.000009 
   7.210000  624.404355  100.939932   86.602546  -22.100009 
   7.220000  625.270381  100.718932   86.602546  -22.200009 
   7.230000  626.136406  100.496932   86.602546  -22.300009 
   7.240000  627.002432  100.273932   86.602546  -22.400009 
   7.250000  627.868457  100.049932   86.602546  -22.500009 
   7.260000  628.734483   99.824932   86.602546  -22.600009 
   7.270000  629.600508   99.598931   86.602546  -22.700009 
   7.280000  630.466534   99.371931   86.602546  -22.800009 
   7.290000  631.332559   99.143931   86.602546  -22.900009 
   7.300000  632.198585   98.914931   86.602546  -23.000009 
   7.310000  633.064610   98.684931   86.602546  -23.100009 
   7.320000  633.930635   98.453931   86.602546  -23.200009 
   7.330000  634.796661   98.221931   86.602546  -23.300009 
   7.340000  635.662686   97.988931   86.602546  -23.400009 
   7.350000  636.528712   97.754931   86.602546  -23.500009 
   7.360000  637.394737   97.519931   86.602546  -23.600009 
   7.370000  638.260763   97.283930   86.602546  -23.700009 
   7.380000  639.126788   97.046930   86.602546  -23.800009 
   7.390000  639.992814   96.808930   86.602546  -23.900009 
   7.400000  640.858839   96.569930   86.602546  -24.000009 
   7.410000  641.724865   96.329930   86.602546  -24.100009 
   7.420000  642.590890   96.088930   86.602546  -24.200009 
   7.430000  643.456915   95.846930   86.602546  -24.300009 
   7.440000  644.322941   95.603930   86.602546  -24.400009 
   7.450000  645.188966   95.359930   86.602546  -24.500009 
   7.460000  646.054992   95.114930   86.602546  -24.600009 
   7.470000  646.921017   94.868930   86.602546  -24.700009 
   7.480000  647.787043   94.621929   86.602546  -24.800009 
   7.490000  648.653068   94.373929   86.602546  -24.900009 
   7.500000  649.519094   94.124929   86.602546  -25.000009 
   7.510000  650.385119   93.874929   86.602546  -25.100009 
   7.520000  651.251145   93.623929   86.602546  -25.200009 
   7.530000  652.117170   93.371929   86.602546  -25.300009 
   7.540000  652.983196   93.118929   86.602546  -25.400009 
   7.550000  653.849221   92.864929   86.602546  -25.500009 
   7.560000  654.715246   92.609929   86.602546  -25.600009 
   7.570000  655.581272   92.353929   86.602546  -25.700009 
   7.580000  656.447297   92.096928   86.602546  -25.800009 
   7.590000  657.313323   91.838928   86.602546  -25.900009 
   7.600000  658.179348   91.579928   86.602546  -26.000009 
   7.610000  659.045374   91.319928   86.602546  -26.100009 
   7.620000  659.911399   91.058928   86.602546  -26.200009 
   7.630000  660.777425   90.796928   86.602546  -26.300009 
   7.640000  661.643450   90.533928   86.602546  -26.400009 
   7.650000  662.509476   90.269928   86.602546  -26.500009 
   7.660000  663.375501   90.004928   86.602546  -26.600009 
   7.670000  664.241526   89.738928   86.602546  -26.700009 
   7.680000  665.107552   89.471928   86.602546  -26.800009 
   7.690000  665.973577   89.203927   86.602546  -26.900009 
   7.700000  666.839603   88.934927   86.602546  -27.000009 
   7.710000  667.705628   88.664927   86.602546  -27.100009 
   7.720000  668.571654   88.393927   86.602546  -27.200009 
   7.730000  669.437679   88.121927   86.602546  -27.300009 
   7.740000  670.303705   87.848927   86.602546  -27.400009 
   7.750000  671.169730   87.574927   86.602546  -27.500009 
   7.760000  672.035756   87.299927   86.602546  -27.600009 
   7.770000  672.901781   87.023927   86.602546  -27.700009 
   7.780000  673.767807   86.746927   86.602546  -27.800009 
   7.790000  674.633832   86.468927   86.602546  -27.900009 
   7.800000  675.499857   86.189926   86.602546  -28.000009 
   7.810000  676.365883   85.909926   86.602546  -28.100009 
   7.820000  677.231908   85.628926   86.602546  -28.200009 
   7.830000  678.097934   85.346926   86.602546  -28.300009 
   7.840000  678.963959   85.063926   86.602546  -28.400009 
   7.850000  679.829985   84.779926   86.602546  -28.500009 
   7.860000  680.696010   84.494926   86.602546  -28.600009 
   7.870000  681.562036   84.208926   86.602546  -28.700009 
   7.880000  682.428061   83.921926   86.602546  -28.800009 
   7.890000  683.294087   83.633926   86.602546  -28.900009 
   7.900000  684.160112   83.344925   86.602546  -29.000009 
   7.910000  685.026137   83.054925   86.602546  -29.100009 
   7.920000  685.892163   82.763925   86.602546  -29.200009 
   7.930000  686.758188   82.471925   86.602546  -29.300009 
   7.940000  687.624214   82.178925   86.602546  -29.400009 
   7.950000  688.490239   81.884925   86.602546  -29.500009 
   7.960000  689.356265   81.589925   86.602546  -29.600009 
   7.970000  690.222290   81.293925   86.602546  -29.700009 
   7.980000  691.088316   80.996925   86.602546  -29.800009 
   7.990000  691.954341   80.698925   86.602546  -29.900009 
   8.000000  692.820367   80.399925   86.602546  -30.000009 
   8.010000  693.686392   80.099924   86.602546  -30.100009 
   8.020000  694.552418   79.798924   86.602546  -30.200009 
   8.030000  695.418443   79.496924   86.602546  -30.300009 
   8.040000  696.284468   79.193924   86.602546  -30.400009 
   8.050000  697.150494   78.889924   86.602546  -30.500009 
   8.060000  698.016519   78.584924   86.602546  -30.600009 
   8.070000  698.882545   78.278924   86.602546  -30.700009 
   8.080000  699.748570   77.971924   86.602546  -30.800009 
   8.090000  700.614596   77.663924   86.602546  -30.900009 
   8.100000  701.480621   77.354924   86.602546  -31.000009 
   8.110000  702.346647   77.044923   86.602546  -31.100009 
   8.120000  703.212672   76.733923   86.602546  -31.200009 
   8.130000  704.078698   76.421923   86.602546  -31.300009 
   8.140000  704.944723   76.108923   86.602546  -31.400009 
   8.150000  705.810748   75.794923   86.602546  -31.500009 
   8.160000  706.676774   75.479923   86.602546  -31.600009 
   8.170000  707.542799   75.163923   86.602546  -31.700009 
   8.180000  708.408825   74.846923   86.602546  -31.800009 
   8.190000  709.274850   74.528923   86.602546  -31.900009 
   8.200000  710.140876   74.209923   86.602546  -32.000009 
   8.210000  711.006901   73.889923   86.602546  -32.100009 
   8.220000  711.872927   73.568922   86.602546  -32.200009 
   8.230000  712.738952   73.246922   86.602546  -32.300009 
   8.240000  713.604978   72.923922   86.602546  -32.400009 
   8.250000  714.471003   72.599922   86.602546  -32.500009 
   8.260000  715.337029   72.274922   86.602546  -32.600009 
   8.270000  716.203054   71.948922   86.602546  -32.700009 
   8.280000  717.069079   71.621922   86.602546  -32.800009 
   8.290000  717.935105   71.293922   86.602546  -32.900009 
   8.300000  718.801130   70.964922   86.602546  -33.000009 
   8.310000  719.667156   70.634922   86.602546  -33.100009 
   8.320000  720.533181   70.303922   86.602546  -33.200009 
   8.330000  721.399207   69.971921   86.602546  -33.300009 
   8.340000  722.265232   69.638921   86.602546  -33.400009 
   8.350000  723.131258   69.304921   86.602546  -33.500009 
   8.360000  723.997283   68.969921   86.602546  -33.600009 
   8.370000  724.863309   68.633921   86.602546  -33.700009 
   8.380000  725.729334   68.296921   86.602546  -33.800009 
   8.390000  726.595359   67.958921   86.602546  -33.900009 
   8.400000  727.461385   67.619921   86.602546  -34.000009 
   8.410000  728.327410   67.279921   86.602546  -34.100009 
   8.420000  729.193436   66.938921   86.602546  -34.200009 
   8.430000  730.059461   66.596920   86.602546  -34.300009 
   8.440000  730.925487   66.253920   86.602546  -34.400009 
   8.450000  731.791512   65.909920   86.602546  -34.500009 
   8.460000  732.657538   65.564920   86.602546  -34.600009 
   8.470000  733.523563   65.218920   86.602546  -34.700009 
   8.480000  734.389589   64.871920   86.602546  -34.800009 
   8.490000  735.255614   64.523920   86.602546  -34.900009 
   8.500000  736.121640   64.174920   86.602546  -35.000009 
   8.510000  736.987665   63.824920   86.602546  -35.100009 
   8.520000  737.853690   63.473920   86.602546  -35.200009 
   8.530000  738.719716   63.121920   86.602546  -35.300009 
   8.540000  739.585741   62.768919   86.602546  -35.400009 
   8.550000  740.451767   62.414919   86.602546  -35.500009 
   8.560000  741.317792   62.059919   86.602546  -35.600009 
   8.570000  742.183818   61.703919   86.602546  -35.700009 
   8.580000  743.049843   61.346919   86.602546  -35.800009 
   8.590000  743.915869   60.988919   86.602546  -35.900009 
   8.600000  744.781894   60.629919   86.602546  -36.000009 
   8.610000  745.647920   60.269919   86.602546  -36.100009 
   8.620000  746.513945   59.908919   86.602546  -36.200009 
   8.630000  747.379970   59.546919   86.602546  -36.300009 
   8.640000  748.245996   59.183918   86.602546  -36.400009 
   8.650000  749.112021   58.819918   86.602546  -36.500009 
   8.660000  749.978047   58.454918   86.602546  -36.600009 
   8.670000  750.844072   58.088918   86.602546  -36.700009 
   8.680000  751.710098   57.721918   86.602546  -36.800009 
   8.690000  752.576123   57.353918   86.602546  -36.900009 
   8.700000  753.442149   56.984918   86.602546  -37.000009 
   8.710000  754.308174   56.614918   86.602546  -37.100009 
   8.720000  755.174200   56.243918   86.602546  -37.200009 
   8.730000  756.040225   55.871918   86.602546  -37.300009 
   8.740000  756.906251   55.498918   86.602546  -37.400009 
   8.750000  757.772276   55.124917   86.602546  -37.500009 
   8.760000  758.638301   54.749917   86.602546  -37.600009 
   8.770000  759.504327   54.373917   86.602546  -37.700009 
   8.780000  760.370352   53.996917   86.602546  -37.800009 
   8.790000  761.236378   53.618917   86.602546  -37.900009 
   8.800000  762.102403   53.239917   86.602546  -38.000009 
   8.810000  762.968429   52.859917   86.602546  -38.100009 
   8.820000  763.834454   52.478917   86.602546  -38.200009 
   8.830000  764.700480   52.096917   86.602546  -38.300009 
   8.840000  765.566505   51.713917   86.602546  -38.400009 
   8.850000  766.432531   51.329917   86.602546  -38.500009 
   8.860000  767.298556   50.944916   86.602546  -38.600009 
   8.870000  768.164581   50.558916   86.602546  -38.700009 
   8.880000  769.030607   50.171916   86.602546  -38.800009 
   8.890000  769.896632   49.783916   86.602546  -38.900009 
   8.900000  770.762658   49.394916   86.602546  -39.000009 
   8.910000  771.628683   49.004916   86.602546  -39.100009 
   8.920000  772.494709   48.613916   86.602546  -39.200009 
   8.930000  773.360734   48.221916   86.602546  -39.300009 
   8.940000  774.226760   47.828916   86.602546  -39.400009 
   8.950000  775.092785   47.434916   86.602546  -39.500009 
   8.960000  775.958811   47.039915   86.602546  -39.600009 
   8.970000  776.824836   46.643915   86.602546  -39.700009 
   8.980000  777.690862   46.246915   86.602546  -39.800009 
   8.990000  778.556887   45.848915   86.602546  -39.900009 
   9.000000  779.422912   45.449915   86.602546  -40.000009 
   9.010000  780.288938   45.049915   86.602546  -40.100009 
   9.020000  781.154963   44.648915   86.602546  -40.200009 
   9.030000  782.020989   44.246915   86.602546  -40.300009 
   9.040000  782.887014   43.843915   86.602546  -40.400009 
   9.050000  783.753040   43.439915   86.602546  -40.500009 
   9.060000  784.619065   43.034915   86.602546  -40.600009 
   9.070000  785.485091   42.628914   86.602546  -40.700009 
   9.080000  786.351116   42.221914   86.602546  -40.800009 
   9.090000  787.217142   41.813914   86.602546  -40.900009 
   9.100000  788.083167   41.404914   86.602546  -41.000009 
   9.110000  788.949192   40.994914   86.602546  -41.100009 
   9.120000  789.815218   40.583914   86.602546  -41.200009 
   9.130000  790.681243   40.171914   86.602546  -41.300009 
   9.140000  791.547269   39.758914   86.602546  -41.400009 
   9.150000  792.413294   39.344914   86.602546  -41.500009 
   9.160000  793.279320   38.929914   86.602546  -41.600009 
   9.170000  794.145345   38.513913   86.602546  -41.700009 
   9.180000  795.011371   38.096913   86.602546  -41.800009 
   9.190000  795.877396   37.678913   86.602546  -41.900009 
   9.200000  796.743422   37.259913   86.602546  -42.000009 
   9.210000  797.609447   36.839913   86.602546  -42.100009 
   9.220000  798.475473   36.418913   86.602546  -42.200009 
   9.230000  799.341498   35.996913   86.602546  -42.300009 
   9.240000  800.207523   35.573913   86.602546  -42.400009 
   9.250000  801.073549   35.149913   86.602546  -42.500009 
   9.260000  801.939574   34.724913   86.602546  -42.600009 
   9.270000  802.805600   34.298913   86.602546  -42.700009 
   9.280000  803.671625   33.871912   86.602546  -42.800009 
   9.290000  804.537651   33.443912   86.602546  -42.900009 
   9.300000  805.403676   33.014912   86.602546  -43.000009 
   9.310000  806.269702   32.584912   86.602546  -43.100009 
   9.320000  807.135727   32.153912   86.602546  -43.200009 
   9.330000  808.001753   31.721912   86.602546  -43.300009 
   9.340000  808.867778   31.288912   86.602546  -43.400009 
   9.350000  809.733803   30.854912   86.602546  -43.500009 
   9.360000  810.599829   30.419912   86.602546  -43.600009 
   9.370000  811.465854   29.983912   86.602546  -43.700009 
   9.380000  812.331880   29.546912   86.602546  -43.800009 
   9.390000  813.197905   29.108911   86.602546  -43.900009 
   9.400000  814.063931   28.669911   86.602546  -44.000009 
   9.410000  814.929956   28.229911   86.602546  -44.100009 
   9.420000  815.795982   27.788911   86.602546  -44.200009 
   9.430000  816.662007   27.346911   86.602546  -44.300009 
   9.440000  817.528033   26.903911   86.602546  -44.400009 
   9.450000  818.394058   26.459911   86.602546  -44.500009 
   9.460000  819.260084   26.014911   86.602546  -44.600009 
   9.470000  820.126109   25.568911   86.602546  -44.700009 
   9.480000  820.992134   25.121911   86.602546  -44.800009 
   9.490000  821.858160   24.673910   86.602546  -44.900009 
   9.500000  822.724185   24.224910   86.602546  -45.000009 
   9.510000  823.590211   23.774910   86.602546  -45.100009 
   9.520000  824.456236   23.323910   86.602546  -45.200009 
   9.530000  825.322262   22.871910   86.602546  -45.300009 
   9.540000  826.188287   22.418910   86.602546  -45.400009 
   9.550000  827.054313   21.964910   86.602546  -45.500009 
   9.560000  827.920338   21.509910   86.602546  -45.600009 
   9.570000  828.786364   21.053910   86.602546  -45.700009 
   9.580000  829.652389   20.596910   86.602546  -45.800009 
   9.590000  830.518414   20.138910   86.602546  -45.900009 
   9.600000  831.384440   19.679909   86.602546  -46.000009 
   9.610000  832.250465   19.219909   86.602546  -46.100009 
   9.620000  833.116491   18.758909   86.602546  -46.200009 
   9.630000  833.982516   18.296909   86.602546  -46.300009 
   9.640000  834.848542   17.833909   86.602546  -46.400009 
   9.650000  835.714567   17.369909   86.602546  -46.500009 
   9.660000  836.580593   16.904909   86.602546  -46.600009 
   9.670000  837.446618   16.438909   86.602546  -46.700009 
   9.680000  838.312644   15.971909   86.602546  -46.800009 
   9.690000  839.178669   15.503909   86.602546  -46.900009 
   9.700000  840.044695   15.034908   86.602546  -47.000009 
   9.710000  840.910720   14.564908   86.602546  -47.100009 
   9.720000  841.776745   14.093908   86.602546  -47.200009 
   9.730000  842.642771   13.621908   86.602546  -47.300009 
   9.740000  843.508796   13.148908   86.602546  -47.400009 
   9.750000  844.374822   12.674908   86.602546  -47.500009 
   9.760000  845.240847   12.199908   86.602546  -47.600009 
   9.770000  846.106873   11.723908   86.602546  -47.700009 
   9.780000  846.972898   11.246908   86.602546  -47.800009 
   9.790000  847.838924   10.768908   86.602546  -47.900009 
   9.800000  848.704949   10.289908   86.602546  -48.000009 
   9.810000  849.570975    9.809907   86.602546  -48.100009 
   9.820000  850.437000    9.328907   86.602546  -48.200009 
   9.830000  851.303025    8.846907   86.602546  -48.300009 
   9.840000  852.169051    8.363907   86.602546  -48.400009 
   9.850000  853.035076    7.879907   86.602546  -48.500009 
   9.860000  853.901102    7.394907   86.602546  -48.600009 
   9.870000  854.767127    6.908907   86.602546  -48.700009 
   9.880000  855.633153    6.421907   86.602546  -48.800009 
   9.890000  856.499178    5.933907   86.602546  -48.900009 
   9.900000  857.365204    5.444907   86.602546  -49.000009 
   9.910000  858.231229    4.954907   86.602546  -49.100009 
   9.920000  859.097255    4.463906   86.602546  -49.200009 
   9.930000  859.963280    3.971906   86.602546  -49.300009 
   9.940000  860.829306    3.478906   86.602546  -49.400009 
   9.950000  861.695331    2.984906   86.602546  -49.500009 
   9.960000  862.561356    2.489906   86.602546  -49.600009 
   9.970000  863.427382    1.993906   86.602546  -49.700009 
   9.980000  864.293407    1.496906   86.602546  -49.800009 
   9.990000  865.159433    0.998906   86.602546  -49.900009 
  10.000000  866.025458    0.499906   86.602546  -50.000009 
