   0.000000    0.000000    0.000000   50.000019   86.602529 
   0.010000    0.500000    0.866025   49.800019   86.156119 
   0.020000    0.998000    1.727586   49.600819   85.711495 
   0.030000    1.494009    2.584701   49.402415   85.268649 
   0.040000    1.988033    3.437388   49.204806   84.827574 
   0.050000    2.480081    4.285664   49.007987   84.388264 
   0.060000    2.970161    5.129546   48.811955   83.950711 
   0.070000    3.458280    5.969053   48.616707   83.514908 
   0.080000    3.944447    6.804203   48.422240   83.080848 
   0.090000    4.428670    7.635011   48.228551   82.648525 
   0.100000    4.910955    8.461496   48.035637   82.217931 
   0.110000    5.391312    9.283676   47.843494   81.789059 
   0.120000    5.869746   10.101566   47.652120   81.361903 
   0.130000    6.346268   10.915185   47.461512   80.936455 
   0.140000    6.820883   11.724550   47.271666   80.512710 
   0.150000    7.293599   12.529677   47.082579   80.090659 
   0.160000    7.764425   13.330583   46.894249   79.670296 
   0.170000    8.233368   14.127286   46.706672   79.251615 
   0.180000    8.700434   14.919803   46.519845   78.834608 
   0.190000    9.165633   15.708149   46.333766   78.419270 
   0.200000    9.628971   16.492341   46.148431   78.005593 
   0.210000   10.090455   17.272397   45.963837   77.593571 
   0.220000   10.550093   18.048333   45.779982   77.183196 
   0.230000   11.007893   18.820165   45.596862   76.774464 
   0.240000   11.463862   19.587910   45.414474   76.367366 
   0.250000   11.918006   20.351583   45.232816   75.961896 
   0.260000   12.370335   21.111202   45.051885   75.558049 
   0.270000   12.820853   21.866783   44.871677   75.155816 
   0.280000   13.269570   22.618341   44.692191   74.755193 
   0.290000   13.716492   23.365893   44.513422   74.356172 
   0.300000   14.161626   24.109454   44.335368   73.958748 
   0.310000   14.604980   24.849042   44.158027   73.562913 
   0.320000   15.046560   25.584671   43.981395   73.168661 
   0.330000   15.486374   26.316358   43.805469   72.775986 
   0.340000   15.924429   27.044118   43.630247   72.384882 
   0.350000   16.360731   27.767966   43.455726   71.995343 
   0.360000   16.795289   28.487920   43.281903   71.607362 
   0.370000   17.228108   29.203993   43.108776   71.220932 
   0.380000   17.659195   29.916203   42.936341   70.836048 
   0.390000   18.088559   30.624563   42.764595   70.452704 
   0.400000   18.516205   31.329090   42.593537   70.070893 
   0.410000   18.942140   32.029799   42.423163   69.690610 
   0.420000   19.366372   32.726705   42.253470   69.311847 
   0.430000   19.788907   33.419824   42.084456   68.934600 
   0.440000   20.209751   34.109170   41.916118   68.558862 
   0.450000   20.628912   34.794758   41.748454   68.184626 
   0.460000   21.046397   35.476605   41.581460   67.811888 
   0.470000   21.462211   36.154724   41.415134   67.440640 
   0.480000   21.876363   36.829130   41.249474   67.070878 
   0.490000   22.288857   37.499839   41.084476   66.702594 
   0.500000   22.699702   38.166865   40.920138   66.335784 
   0.510000   23.108904   38.830222   40.756457   65.970440 
   0.520000   23.516468   39.489927   40.593432   65.606559 
   0.530000   23.922403   40.145992   40.431058   65.244133 
   0.540000   24.326713   40.798434   40.269334   64.883156 
   0.550000   24.729406   41.447265   40.108256   64.523623 
   0.560000   25.130489   42.092502   39.947823   64.165529 
   0.570000   25.529967   42.734157   39.788032   63.808867 
   0.580000   25.927848   43.372246   39.628880   63.453631 
   0.590000   26.324136   44.006782   39.470364   63.099817 
   0.600000   26.718840   44.637780   39.312483   62.747417 
   0.610000   27.111965   45.265254   39.155233   62.396428 
   0.620000   27.503517   45.889218   38.998612   62.046842 
   0.630000   27.893503   46.509687   38.842618   61.698655 
   0.640000   28.281929   47.126673   38.687247   61.351860 
   0.650000   28.668802   47.740192   38.532498   61.006453 
   0.660000   29.054127   48.350257   38.378368   60.662427 
   0.670000   29.437911   48.956881   38.224855   60.319777 
   0.680000   29.820159   49.560079   38.071955   59.978498 
   0.690000   30.200879   50.159864   37.919667   59.638584 
   0.700000   30.580075   50.756249   37.767989   59.300030 
   0.710000   30.957755   51.349250   37.616917   58.962830 
   0.720000   31.333924   51.938878   37.466449   58.626978 
   0.730000   31.708589   52.525148   37.316583   58.292470 
   0.740000   32.081755   53.108073   37.167317   57.959300 
   0.750000   32.453428   53.687666   37.018648   57.627463 
   0.760000   32.823614   54.263940   36.870573   57.296953 
   0.770000   33.192320   54.836910   36.723091   56.967766 
   0.780000   33.559551   55.406587   36.576198   56.639895 
   0.790000   33.925313   55.972986   36.429894   56.313335 
   0.800000   34.289612   56.536120   36.284174   55.988082 
   0.810000   34.652454   57.096000   36.139037   55.664129 
   0.820000   35.013844   57.652642   35.994481   55.341473 
   0.830000   35.373789   58.206056   35.850503   55.020107 
   0.840000   35.732294   58.756258   35.707101   54.700026 
   0.850000   36.089365   59.303258   35.564273   54.381226 
   0.860000   36.445008   59.847070   35.422016   54.063701 
   0.870000   36.799228   60.387707   35.280328   53.747447 
   0.880000   37.152031   60.925182   35.139206   53.432457 
   0.890000   37.503423   61.459506   34.998650   53.118727 
   0.900000   37.853410   61.990693   34.858655   52.806252 
   0.910000   38.201996   62.518756   34.719220   52.495027 
   0.920000   38.549188   63.043706   34.580344   52.185047 
   0.930000   38.894992   63.565557   34.442022   51.876307 
   0.940000   39.239412   64.084320   34.304254   51.568802 
   0.950000   39.582455   64.600008   34.167037   51.262526 
   0.960000   39.924125   65.112633   34.030369   50.957476 
   0.970000   40.264429   65.622208   33.894247   50.653646 
   0.980000   40.603371   66.128744   33.758670   50.351032 
   0.990000   40.940958   66.632255   33.623636   50.049628 
   1.000000   41.277194   67.132751   33.489141   49.749429 
   1.010000   41.612086   67.630245   33.355185   49.450431 
   1.020000   41.945637   68.124749   33.221764   49.152630 
   1.030000   42.277855   68.616276   33.088877   48.856019 
   1.040000   42.608744   69.104836   32.956521   48.560595 
   1.050000   42.938309   69.590442   32.824695   48.266353 
   1.060000   43.266556   70.073105   32.693396   47.973287 
   1.070000   43.593490   70.552838   32.562623   47.681394 
   1.080000   43.919116   71.029652   32.432372   47.390669 
   1.090000   44.243440   71.503559   32.302643   47.101106 
   1.100000   44.566466   71.974570   32.173432   46.812702 
   1.110000   44.888201   72.442697   32.044739   46.525451 
   1.120000   45.208648   72.907951   31.916560   46.239349 
   1.130000   45.527814   73.370345   31.788893   45.954392 
   1.140000   45.845703   73.829889   31.661738   45.670574 
   1.150000   46.162320   74.286595   31.535091   45.387892 
   1.160000   46.477671   74.740474   31.408951   45.106340 
   1.170000   46.791760   75.191537   31.283315   44.825915 
   1.180000   47.104594   75.639796   31.158181   44.546611 
   1.190000   47.416175   76.085262   31.033549   44.268425 
   1.200000   47.726511   76.527946   30.909415   43.991351 
   1.210000   48.035605   76.967860   30.785777   43.715386 
   1.220000   48.343463   77.405014   30.662634   43.440524 
   1.230000   48.650089   77.839419   30.539983   43.166762 
   1.240000   48.955489   78.271087   30.417823   42.894095 
   1.250000   49.259667   78.700028   30.296152   42.622518 
   1.260000   49.562629   79.126253   30.174967   42.352028 
   1.270000   49.864378   79.549773   30.054268   42.082620 
   1.280000   50.164921   79.970599   29.934050   41.814290 
   1.290000   50.464262   80.388742   29.814314   41.547033 
   1.300000   50.762405   80.804213   29.695057   41.280844 
   1.310000   51.059355   81.217021   29.576277   41.015721 
   1.320000   51.355118   81.627178   29.457972   40.751658 
   1.330000   51.649698   82.034695   29.340140   40.488652 
   1.340000   51.943099   82.439581   29.222779   40.226697 
   1.350000   52.235327   82.841848   29.105888   39.965790 
   1.360000   52.526386   83.241506   28.989465   39.705927 
   1.370000   52.816280   83.638565   28.873507   39.447103 
   1.380000   53.105015   84.033036   28.758013   39.189315 
   1.390000   53.392596   84.424930   28.642981   38.932558 
   1.400000   53.679025   84.814255   28.528409   38.676827 
   1.410000   53.964310   85.201023   28.414295   38.422120 
   1.420000   54.248452   85.585245   28.300638   38.168432 
   1.430000   54.531459   85.966929   28.187435   37.915758 
   1.440000   54.813333   86.346087   28.074686   37.664095 
   1.450000   55.094080   86.722727   27.962387   37.413438 
   1.460000   55.373704   87.096862   27.850537   37.163785 
   1.470000   55.652209   87.468500   27.739135   36.915130 
   1.480000   55.929601   87.837651   27.628179   36.667469 
   1.490000   56.205882   88.204326   27.517666   36.420799 
   1.500000   56.481059   88.568534   27.407595   36.175116 
   1.510000   56.755135   88.930285   27.297965   35.930416 
   1.520000   57.028115   89.289589   27.188773   35.686694 
   1.530000   57.300002   89.646456   27.080018   35.443947 
   1.540000   57.570803   90.000895   26.971698   35.202171 
   1.550000   57.840520   90.352917   26.863811   34.961363 
   1.560000   58.109158   90.702531   26.756356   34.721517 
   1.570000   58.376721   91.049746   26.649330   34.482631 
   1.580000   58.643215   91.394572   26.542733   34.244701 
   1.590000   58.908642   91.737019   26.436562   34.007722 
   1.600000   59.173008   92.077096   26.330816   33.771691 
   1.610000   59.436316   92.414813   26.225493   33.536604 
   1.620000   59.698571   92.750179   26.120591   33.302458 
   1.630000   59.959776   93.083204   26.016108   33.069248 
   1.640000   60.219938   93.413896   25.912044   32.836971 
   1.650000   60.479058   93.742266   25.808396   32.605623 
   1.660000   60.737142   94.068322   25.705162   32.375201 
   1.670000   60.994194   94.392074   25.602341   32.145700 
   1.680000   61.250217   94.713531   25.499932   31.917117 
   1.690000   61.505216   95.032703   25.397932   31.689448 
   1.700000   61.759196   95.349597   25.296341   31.462691 
   1.710000   62.012159   95.664224   25.195155   31.236840 
   1.720000   62.264111   95.976592   25.094375   31.011893 
   1.730000   62.515054   96.286711   24.993997   30.787845 
   1.740000   62.764994   96.594590   24.894021   30.564694 
   1.750000   63.013935   96.900237   24.794445   30.342435 
   1.760000   63.261879   97.203661   24.695267   30.121065 
   1.770000   63.508832   97.504872   24.596486   29.900581 
   1.780000   63.754797   97.803877   24.498100   29.680978 
   1.790000   63.999778   98.100687   24.400108   29.462255 
   1.800000   64.243779   98.395310   24.302507   29.244406 
   1.810000   64.486804   98.687754   24.205297   29.027428 
   1.820000   64.728857   98.978028   24.108476   28.811318 
   1.830000   64.969941   99.266141   24.012042   28.596073 
   1.840000   65.210062   99.552102   23.915994   28.381689 
   1.850000   65.449222   99.835919   23.820330   28.168162 
   1.860000   65.687425  100.117601   23.725049   27.955489 
   1.870000   65.924676  100.397155   23.630149   27.743667 
   1.880000   66.160977  100.674592   23.535628   27.532693 
   1.890000   66.396333  100.949919   23.441486   27.322562 
   1.900000   66.630748  101.223145   23.347720   27.113272 
   1.910000   66.864225  101.494277   23.254329   26.904819 
   1.920000   67.096769  101.763326   23.161311   26.697199 
   1.930000   67.328382  102.030298   23.068666   26.490410 
   1.940000   67.559068  102.295202   22.976391   26.284449 
   1.950000   67.788832  102.558046   22.884486   26.079311 
   1.960000   68.017677  102.818839   22.792948   25.874994 
   1.970000   68.245607  103.077589   22.701776   25.671494 
   1.980000   68.472624  103.334304   22.610969   25.468808 
   1.990000   68.698734  103.588992   22.520525   25.266933 
   2.000000   68.923939  103.841662   22.430443   25.065865 
   2.010000   69.148244  104.092320   22.340721   24.865601 
   2.020000   69.371651  104.340976   22.251358   24.666139 
   2.030000   69.594165  104.587638   22.162353   24.467474 
   2.040000   69.815788  104.832312   22.073704   24.269605 
   2.050000   70.036525  105.075008   21.985409   24.072526 
   2.060000   70.256379  105.315734   21.897467   23.876236 
   2.070000   70.475354  105.554496   21.809877   23.680731 
   2.080000   70.693453  105.791303   21.722638   23.486008 
   2.090000   70.910679  106.026163   21.635747   23.292064 
   2.100000   71.127037  106.259084   21.549204   23.098896 
   2.110000   71.342529  106.490073   21.463007   22.906500 
   2.120000   71.557159  106.719138   21.377155   22.714874 
   2.130000   71.770930  106.946287   21.291647   22.524015 
   2.140000   71.983847  107.171527   21.206480   22.333919 
   2.150000   72.195912  107.394866   21.121654   22.144583 
   2.160000   72.407128  107.616312   21.037168   21.956005 
   2.170000   72.617500  107.835872   20.953019   21.768181 
   2.180000   72.827030  108.053554   20.869207   21.581108 
   2.190000   73.035722  108.269365   20.785730   21.394784 
   2.200000   73.243579  108.483313   20.702587   21.209204 
   2.210000   73.450605  108.695405   20.619777   21.024368 
   2.220000   73.656803  108.905648   20.537298   20.840270 
   2.230000   73.862176  109.114051   20.455148   20.656909 
   2.240000   74.066727  109.320620   20.373328   20.474281 
   2.250000   74.270461  109.525363   20.291835   20.292384 
   2.260000   74.473379  109.728287   20.210667   20.111215 
   2.270000   74.675486  109.929399   20.129825   19.930770 
   2.280000   74.876784  110.128707   20.049305   19.751047 
   2.290000   75.077277  110.326217   19.969108   19.572043 
   2.300000   75.276968  110.521938   19.889232   19.393754 
   2.310000   75.475860  110.715875   19.809675   19.216179 
   2.320000   75.673957  110.908037   19.730436   19.039315 
   2.330000   75.871262  111.098430   19.651514   18.863157 
   2.340000   76.067777  111.287062   19.572908   18.687705 
   2.350000   76.263506  111.473939   19.494617   18.512954 
   2.360000   76.458452  111.659068   19.416638   18.338902 
   2.370000   76.652618  111.842457   19.338972   18.165547 
   2.380000   76.846008  112.024113   19.261616   17.992884 
   2.390000   77.038624  112.204042   19.184569   17.820913 
   2.400000   77.230470  112.382251   19.107831   17.649629 
   2.410000   77.421548  112.558747   19.031400   17.479031 
   2.420000   77.611862  112.733537   18.955274   17.309115 
   2.430000   77.801415  112.906628   18.879453   17.139878 
   2.440000   77.990209  113.078027   18.803935   16.971319 
   2.450000   78.178249  113.247740   18.728719   16.803433 
   2.460000   78.365536  113.415775   18.653804   16.636220 
   2.470000   78.552074  113.582137   18.579189   16.469675 
   2.480000   78.737866  113.746834   18.504873   16.303796 
   2.490000   78.922915  113.909872   18.430853   16.138581 
   2.500000   79.107223  114.071257   18.357130   15.974026 
   2.510000   79.290794  114.230998   18.283701   15.810130 
   2.520000   79.473631  114.389099   18.210566   15.646890 
   2.530000   79.655737  114.545568   18.137724   15.484302 
   2.540000   79.837114  114.700411   18.065173   15.322365 
   2.550000   80.017766  114.853635   17.992912   15.161076 
   2.560000   80.197695  115.005245   17.920941   15.000431 
   2.570000   80.376905  115.155250   17.849257   14.840430 
   2.580000   80.555397  115.303654   17.777860   14.681068 
   2.590000   80.733176  115.450465   17.706749   14.522344 
   2.600000   80.910243  115.595688   17.635922   14.364254 
   2.610000   81.086602  115.739331   17.565378   14.206797 
   2.620000   81.262256  115.881399   17.495116   14.049970 
   2.630000   81.437207  116.021898   17.425136   13.893770 
   2.640000   81.611459  116.160836   17.355435   13.738195 
   2.650000   81.785013  116.298218   17.286014   13.583242 
   2.660000   81.957873  116.434050   17.216870   13.428909 
   2.670000   82.130042  116.568339   17.148002   13.275194 
   2.680000   82.301522  116.701091   17.079410   13.122093 
   2.690000   82.472316  116.832312   17.011092   12.969605 
   2.700000   82.642427  116.962008   16.943048   12.817726 
   2.710000   82.811858  117.090186   16.875276   12.666455 
   2.720000   82.980610  117.216850   16.807775   12.515789 
   2.730000   83.148688  117.342008   16.740544   12.365726 
   2.740000   83.316093  117.465665   16.673581   12.216263 
   2.750000   83.482829  117.587828   16.606887   12.067398 
   2.760000   83.648898  117.708502   16.540460   11.919129 
   2.770000   83.814303  117.827693   16.474298   11.771452 
   2.780000   83.979046  117.945408   16.408401   11.624366 
   2.790000   84.143130  118.061651   16.342767   11.477869 
   2.800000   84.306557  118.176430   16.277396   11.331957 
   2.810000   84.469331  118.289750   16.212286   11.186630 
   2.820000   84.631454  118.401616   16.147437   11.041883 
   2.830000   84.792929  118.512035   16.082847   10.897716 
   2.840000   84.953757  118.621012   16.018516   10.754125 
   2.850000   85.113942  118.728553   15.954442   10.611108 
   2.860000   85.273487  118.834664   15.890624   10.468664 
   2.870000   85.432393  118.939351   15.827062   10.326789 
   2.880000   85.590663  119.042619   15.763753   10.185482 
   2.890000   85.748301  119.144474   15.700698   10.044740 
   2.900000   85.905308  119.244921   15.637896    9.904561 
   2.910000   86.061687  119.343967   15.575344    9.764943 
   2.920000   86.217440  119.441616   15.513043    9.625883 
   2.930000   86.372571  119.537875   15.450991    9.487380 
   2.940000   86.527081  119.632749   15.389187    9.349430 
   2.950000   86.680973  119.726243   15.327630    9.212032 
   2.960000   86.834249  119.818363   15.266319    9.075184 
   2.970000   86.986912  119.909115   15.205254    8.938883 
   2.980000   87.138965  119.998504   15.144433    8.803128 
   2.990000   87.290409  120.086535   15.083855    8.667915 
   3.000000   87.441248  120.173214   15.023520    8.533244 
   3.010000   87.591483  120.258547   14.963426    8.399111 
   3.020000   87.741117  120.342538   14.903572    8.265514 
   3.030000   87.890153  120.425193   14.843958    8.132452 
   3.040000   88.038592  120.506518   14.784582    7.999922 
   3.050000   88.186438  120.586517   14.725444    7.867923 
   3.060000   88.333693  120.665196   14.666542    7.736451 
   3.070000   88.480358  120.742561   14.607876    7.605505 
   3.080000   88.626437  120.818616   14.549444    7.475083 
   3.090000   88.771931  120.893367   14.491246    7.345183 
   3.100000   88.916844  120.966818   14.433281    7.215802 
   3.110000   89.061176  121.038976   14.375548    7.086939 
   3.120000   89.204932  121.109846   14.318046    6.958591 
   3.130000   89.348112  121.179432   14.260774    6.830757 
   3.140000   89.490720  121.247739   14.203731    6.703434 
   3.150000   89.632757  121.314774   14.146916    6.576620 
   3.160000   89.774227  121.380540   14.090328    6.450314 
   3.170000   89.915130  121.445043   14.033967    6.324512 
   3.180000   90.055470  121.508288   13.977831    6.199214 
   3.190000   90.195248  121.570280   13.921920    6.074417 
   3.200000   90.334467  121.631024   13.866232    5.950120 
   3.210000   90.473129  121.690526   13.810767    5.826319 
   3.220000   90.611237  121.748789   13.755524    5.703014 
   3.230000   90.748792  121.805819   13.700502    5.580202 
   3.240000   90.885797  121.861621   13.645700    5.457881 
   3.250000   91.022254  121.916200   13.591117    5.336050 
   3.260000   91.158165  121.969560   13.536753    5.214705 
   3.270000   91.293533  122.021707   13.482606    5.093847 
   3.280000   91.428359  122.072646   13.428675    4.973471 
   3.290000   91.562646  122.122380   13.374961    4.853577 
   3.300000   91.696395  122.170916   13.321461    4.734163 
   3.310000   91.829610  122.218258   13.268175    4.615226 
   3.320000   91.962292  122.264410   13.215102    4.496765 
   3.330000   92.094443  122.309378   13.162242    4.378778 
   3.340000   92.226065  122.353166   13.109593    4.261263 
   3.350000   92.357161  122.395778   13.057154    4.144218 
   3.360000   92.487733  122.437220   13.004926    4.027641 
   3.370000   92.617782  122.477497   12.952906    3.911531 
   3.380000   92.747311  122.516612   12.901094    3.795885 
   3.390000   92.876322  122.554571   12.849490    3.680701 
   3.400000   93.004817  122.591378   12.798092    3.565978 
   3.410000   93.132798  122.627038   12.746900    3.451714 
   3.420000   93.260267  122.661555   12.695912    3.337908 
   3.430000   93.387226  122.694934   12.645129    3.224556 
   3.440000   93.513677  122.727179   12.594548    3.111658 
   3.450000   93.639623  122.758296   12.544170    2.999211 
   3.460000   93.765064  122.788288   12.493993    2.887214 
   3.470000   93.890004  122.817160   12.444017    2.775665 
   3.480000   94.014444  122.844917   12.394241    2.664563 
   3.490000   94.138387  122.871563   12.344664    2.553904 
   3.500000   94.261833  122.897102   12.295285    2.443689 
   3.510000   94.384786  122.921539   12.246104    2.333914 
   3.520000   94.507247  122.944878   12.197120    2.224578 
   3.530000   94.629219  122.967123   12.148331    2.115680 
   3.540000   94.750702  122.988280   12.099738    2.007217 
   3.550000   94.871699  123.008352   12.051339    1.899189 
   3.560000   94.992213  123.027344   12.003134    1.791592 
   3.570000   95.112244  123.045260   11.955121    1.684425 
   3.580000   95.231795  123.062104   11.907301    1.577688 
   3.590000   95.350868  123.077881   11.859672    1.471377 
   3.600000   95.469465  123.092595   11.812233    1.365491 
   3.610000   95.587587  123.106250   11.764984    1.260029 
   3.620000   95.705237  123.118850   11.717924    1.154989 
   3.630000   95.822416  123.130400   11.671052    1.050369 
   3.640000   95.939127  123.140904   11.624368    0.946168 
   3.650000   96.055371  123.150366   11.577871    0.842383 
   3.660000   96.171149  123.158789   11.531559    0.739014 
   3.670000   96.286465  123.166180   11.485433    0.636058 
   3.680000   96.401319  123.172540   11.439491    0.533513 
   3.690000   96.515714  123.177875   11.393733    0.431379 
   3.700000   96.629651  123.182189   11.348158    0.329654 
   3.710000   96.743133  123.185486   11.302766    0.228335 
   3.720000   96.856161  123.187769   11.257555    0.127422 
   3.730000   96.968736  123.189043   11.212524    0.026912 
   3.740000   97.080861  123.189312   11.167674   -0.073195 
   3.750000   97.192538  123.188580   11.123004   -0.172903 
   3.760000   97.303768  123.186851   11.078512   -0.272211 
   3.770000   97.414553  123.184129   11.034198   -0.371122 
   3.780000   97.524895  123.180418   10.990061   -0.469638 
   3.790000   97.634796  123.175722   10.946100   -0.567759 
   3.800000   97.744257  123.170044   10.902316   -0.665488 
   3.810000   97.853280  123.163389   10.858707   -0.762826 
   3.820000   97.961867  123.155761   10.815272   -0.859775 
   3.830000   98.070020  123.147163   10.772011   -0.956336 
   3.840000   98.177740  123.137600   10.728923   -1.052510 
   3.850000   98.285029  123.127075   10.686007   -1.148300 
   3.860000   98.391889  123.115592   10.643263   -1.243707 
   3.870000   98.498322  123.103155   10.600690   -1.338732 
   3.880000   98.604329  123.089767   10.558287   -1.433377 
   3.890000   98.709912  123.075434   10.516054   -1.527644 
   3.900000   98.815072  123.060157   10.473990   -1.621533 
   3.910000   98.919812  123.043942   10.432094   -1.715047 
   3.920000   99.024133  123.026791   10.390366   -1.808187 
   3.930000   99.128037  123.008709   10.348804   -1.900954 
   3.940000   99.231525  122.989700   10.307409   -1.993350 
   3.950000   99.334599  122.969766   10.266179   -2.085377 
   3.960000   99.437261  122.948913   10.225115   -2.177036 
   3.970000   99.539512  122.927142   10.184214   -2.268327 
   3.980000   99.641354  122.904459   10.143477   -2.359254 
   3.990000   99.742789  122.880866   10.102903   -2.449817 
   4.000000   99.843818  122.856368   10.062492   -2.540018 
   4.010000   99.944443  122.830968   10.022242   -2.629858 
   4.020000  100.044665  122.804669    9.982153   -2.719338 
   4.030000  100.144487  122.777476    9.942224   -2.808461 
   4.040000  100.243909  122.749391    9.902455   -2.897227 
   4.050000  100.342933  122.720419    9.862845   -2.985638 
   4.060000  100.441562  122.690563    9.823394   -3.073696 
   4.070000  100.539796  122.659826    9.784101   -3.161401 
   4.080000  100.637637  122.628212    9.744964   -3.248755 
   4.090000  100.735086  122.595724    9.705984   -3.335760 
   4.100000  100.832146  122.562367    9.667160   -3.422417 
   4.110000  100.928818  122.528143    9.628492   -3.508728 
   4.120000  101.025103  122.493055    9.589978   -3.594693 
   4.130000  101.121003  122.457108    9.551618   -3.680314 
   4.140000  101.216519  122.420305    9.513411   -3.765593 
   4.150000  101.311653  122.382649    9.475358   -3.850530 
   4.160000  101.406406  122.344144    9.437456   -3.935128 
   4.170000  101.500781  122.304793    9.399706   -4.019388 
   4.180000  101.594778  122.264599    9.362108   -4.103310 
   4.190000  101.688399  122.223566    9.324659   -4.186897 
   4.200000  101.781646  122.181697    9.287361   -4.270149 
   4.210000  101.874519  122.138995    9.250211   -4.353069 
   4.220000  101.967021  122.095465    9.213210   -4.435656 
   4.230000  102.059154  122.051108    9.176357   -4.517914 
   4.240000  102.150917  122.005929    9.139652   -4.599842 
   4.250000  102.242314  121.959930    9.103093   -4.681443 
   4.260000  102.333345  121.913116    9.066681   -4.762717 
   4.270000  102.424011  121.865489    9.030414   -4.843666 
   4.280000  102.514316  121.817052    8.994293   -4.924291 
   4.290000  102.604259  121.767809    8.958315   -5.004594 
   4.300000  102.693842  121.717763    8.922482   -5.084576 
   4.310000  102.783066  121.666918    8.886792   -5.164238 
   4.320000  102.871934  121.615275    8.851245   -5.243581 
   4.330000  102.960447  121.562839    8.815840   -5.322606 
   4.340000  103.048605  121.509613    8.780577   -5.401316 
   4.350000  103.136411  121.455600    8.745454   -5.479711 
   4.360000  103.223866  121.400803    8.710473   -5.557792 
   4.370000  103.310970  121.345225    8.675631   -5.635561 
   4.380000  103.397727  121.288870    8.640928   -5.713018 
   4.390000  103.484136  121.231739    8.606365   -5.790166 
   4.400000  103.570200  121.173838    8.571939   -5.867006 
   4.410000  103.655919  121.115168    8.537651   -5.943538 
   4.420000  103.741295  121.055732    8.503501   -6.019763 
   4.430000  103.826330  120.995535    8.469487   -6.095684 
   4.440000  103.911025  120.934578    8.435609   -6.171302 
   4.450000  103.995381  120.872865    8.401866   -6.246616 
   4.460000  104.079400  120.810399    8.368259   -6.321630 
   4.470000  104.163083  120.747182    8.334786   -6.396343 
   4.480000  104.246431  120.683219    8.301447   -6.470758 
   4.490000  104.329445  120.618511    8.268241   -6.544875 
   4.500000  104.412127  120.553063    8.235168   -6.618696 
   4.510000  104.494479  120.486876    8.202227   -6.692221 
   4.520000  104.576501  120.419953    8.169418   -6.765452 
   4.530000  104.658196  120.352299    8.136741   -6.838390 
   4.540000  104.739563  120.283915    8.104194   -6.911037 
   4.550000  104.820605  120.214805    8.071777   -6.983392 
   4.560000  104.901323  120.144971    8.039490   -7.055459 
   4.570000  104.981718  120.074416    8.007332   -7.127237 
   4.580000  105.061791  120.003144    7.975303   -7.198728 
   4.590000  105.141544  119.931156    7.943401   -7.269933 
   4.600000  105.220978  119.858457    7.911628   -7.340853 
   4.610000  105.300094  119.785049    7.879981   -7.411490 
   4.620000  105.378894  119.710934    7.848461   -7.481844 
   4.630000  105.457379  119.636115    7.817067   -7.551917 
   4.640000  105.535549  119.560596    7.785799   -7.621709 
   4.650000  105.613407  119.484379    7.754656   -7.691222 
   4.660000  105.690954  119.407467    7.723637   -7.760457 
   4.670000  105.768190  119.329862    7.692743   -7.829415 
   4.680000  105.845118  119.251568    7.661972   -7.898098 
   4.690000  105.921737  119.172587    7.631324   -7.966505 
   4.700000  105.998051  119.092922    7.600799   -8.034639 
   4.710000  106.074059  119.012576    7.570395   -8.102501 
   4.720000  106.149763  118.931551    7.540114   -8.170091 
   4.730000  106.225164  118.849850    7.509953   -8.237410 
   4.740000  106.300263  118.767476    7.479914   -8.304461 
   4.750000  106.375062  118.684431    7.449994   -8.371243 
   4.760000  106.449562  118.600719    7.420194   -8.437758 
   4.770000  106.523764  118.516341    7.390513   -8.504007 
   4.780000  106.597669  118.431301    7.360951   -8.569991 
   4.790000  106.671279  118.345601    7.331507   -8.635711 
   4.800000  106.744594  118.259244    7.302181   -8.701168 
   4.810000  106.817616  118.172232    7.272973   -8.766363 
   4.820000  106.890345  118.084569    7.243881   -8.831298 
   4.830000  106.962784  117.996256    7.214905   -8.895973 
   4.840000  107.034933  117.907296    7.186046   -8.960389 
   4.850000  107.106794  117.817692    7.157301   -9.024547 
   4.860000  107.178367  117.727447    7.128672   -9.088449 
   4.870000  107.249654  117.636562    7.100157   -9.152095 
   4.880000  107.320655  117.545041    7.071757   -9.215487 
   4.890000  107.391373  117.452886    7.043470   -9.278625 
   4.900000  107.461807  117.360100    7.015296   -9.341510 
   4.910000  107.531960  117.266685    6.987235   -9.404144 
   4.920000  107.601833  117.172643    6.959286   -9.466528 
   4.930000  107.671426  117.077978    6.931449   -9.528662 
   4.940000  107.740740  116.982691    6.903723   -9.590547 
   4.950000  107.809777  116.886786    6.876108   -9.652185 
   4.960000  107.878538  116.790264    6.848604   -9.713576 
   4.970000  107.947024  116.693128    6.821209   -9.774722 
   4.980000  108.015236  116.595381    6.793924   -9.835623 
   4.990000  108.083176  116.497025    6.766749   -9.896281 
   5.000000  108.150843  116.398062    6.739682   -9.956695 
   5.010000  108.218240  116.298495    6.712723  -10.016869 
   5.020000  108.285367  116.198327    6.685872  -10.076801 
   5.030000  108.352226  116.097559    6.659128  -10.136494 
   5.040000  108.418817  115.996194    6.632492  -10.195948 
   5.050000  108.485142  115.894234    6.605962  -10.255164 
   5.060000  108.551202  115.791682    6.579538  -10.314143 
   5.070000  108.616997  115.688541    6.553220  -10.372887 
   5.080000  108.682529  115.584812    6.527007  -10.431395 
   5.090000  108.747799  115.480498    6.500899  -10.489670 
   5.100000  108.812808  115.375601    6.474896  -10.547711 
   5.110000  108.877557  115.270124    6.448996  -10.605520 
   5.120000  108.942047  115.164069    6.423200  -10.663098 
   5.130000  109.006279  115.057438    6.397507  -10.720446 
   5.140000  109.070254  114.950234    6.371917  -10.777564 
   5.150000  109.133974  114.842458    6.346429  -10.834454 
   5.160000  109.197438  114.734114    6.321044  -10.891116 
   5.170000  109.260648  114.625202    6.295760  -10.947551 
   5.180000  109.323606  114.515727    6.270577  -11.003761 
   5.190000  109.386312  114.405689    6.245494  -11.059746 
   5.200000  109.448767  114.295092    6.220512  -11.115507 
   5.210000  109.510972  114.183937    6.195630  -11.171045 
   5.220000  109.572928  114.072226    6.170848  -11.226361 
   5.230000  109.634636  113.959963    6.146164  -11.281456 
   5.240000  109.696098  113.847148    6.121580  -11.336330 
   5.250000  109.757314  113.733785    6.097093  -11.390984 
   5.260000  109.818285  113.619875    6.072705  -11.445421 
   5.270000  109.879012  113.505421    6.048414  -11.499639 
   5.280000  109.939496  113.390424    6.024220  -11.553640 
   5.290000  109.999738  113.274888    6.000124  -11.607426 
   5.300000  110.059739  113.158814    5.976123  -11.660996 
   5.310000  110.119501  113.042204    5.952219  -11.714352 
   5.320000  110.179023  112.925060    5.928410  -11.767495 
   5.330000  110.238307  112.807385    5.904696  -11.820425 
   5.340000  110.297354  112.689181    5.881077  -11.873143 
   5.350000  110.356165  112.570450    5.857553  -11.925650 
   5.360000  110.414740  112.451193    5.834123  -11.977948 
   5.370000  110.473081  112.331414    5.810786  -12.030036 
   5.380000  110.531189  112.211113    5.787543  -12.081916 
   5.390000  110.589065  112.090294    5.764393  -12.133588 
   5.400000  110.646709  111.968958    5.741335  -12.185054 
   5.410000  110.704122  111.847108    5.718370  -12.236314 
   5.420000  110.761306  111.724745    5.695497  -12.287368 
   5.430000  110.818261  111.601871    5.672715  -12.338219 
   5.440000  110.874988  111.478489    5.650024  -12.388866 
   5.450000  110.931488  111.354600    5.627424  -12.439311 
   5.460000  110.987762  111.230207    5.604914  -12.489553 
   5.470000  111.043811  111.105311    5.582494  -12.539595 
   5.480000  111.099636  110.979915    5.560164  -12.589437 
   5.490000  111.155238  110.854021    5.537924  -12.639079 
   5.500000  111.210617  110.727630    5.515772  -12.688523 
   5.510000  111.265775  110.600745    5.493709  -12.737769 
   5.520000  111.320712  110.473367    5.471734  -12.786817 
   5.530000  111.375429  110.345499    5.449847  -12.835670 
   5.540000  111.429928  110.217143    5.428048  -12.884328 
   5.550000  111.484208  110.088299    5.406336  -12.932790 
   5.560000  111.538272  109.958971    5.384710  -12.981059 
   5.570000  111.592119  109.829161    5.363171  -13.029135 
   5.580000  111.645751  109.698869    5.341719  -13.077018 
   5.590000  111.699168  109.568099    5.320352  -13.124710 
   5.600000  111.752371  109.436852    5.299070  -13.172211 
   5.610000  111.805362  109.305130    5.277874  -13.219523 
   5.620000  111.858141  109.172935    5.256763  -13.266644 
   5.630000  111.910708  109.040268    5.235736  -13.313578 
   5.640000  111.963066  108.907133    5.214793  -13.360324 
   5.650000  112.015214  108.773529    5.193933  -13.406882 
   5.660000  112.067153  108.639460    5.173158  -13.453255 
   5.670000  112.118885  108.504928    5.152465  -13.499442 
   5.680000  112.170409  108.369934    5.131855  -13.545444 
   5.690000  112.221728  108.234479    5.111328  -13.591262 
   5.700000  112.272841  108.098566    5.090882  -13.636897 
   5.710000  112.323750  107.962197    5.070519  -13.682350 
   5.720000  112.374455  107.825374    5.050237  -13.727620 
   5.730000  112.424957  107.688098    5.030036  -13.772710 
   5.740000  112.475258  107.550371    5.009916  -13.817619 
   5.750000  112.525357  107.412195    4.989876  -13.862348 
   5.760000  112.575256  107.273571    4.969917  -13.906899 
   5.770000  112.624955  107.134502    4.950037  -13.951271 
   5.780000  112.674455  106.994989    4.930237  -13.995466 
   5.790000  112.723758  106.855035    4.910516  -14.039484 
   5.800000  112.772863  106.714640    4.890874  -14.083326 
   5.810000  112.821771  106.573807    4.871310  -14.126993 
   5.820000  112.870485  106.432537    4.851825  -14.170485 
   5.830000  112.919003  106.290832    4.832418  -14.213803 
   5.840000  112.967327  106.148694    4.813088  -14.256948 
   5.850000  113.015458  106.006124    4.793836  -14.299920 
   5.860000  113.063396  105.863125    4.774660  -14.342721 
   5.870000  113.111143  105.719698    4.755562  -14.385350 
   5.880000  113.158698  105.575844    4.736539  -14.427808 
   5.890000  113.206064  105.431566    4.717593  -14.470097 
   5.900000  113.253240  105.286865    4.698723  -14.512217 
   5.910000  113.300227  105.141743    4.679928  -14.554168 
   5.920000  113.347026  104.996201    4.661208  -14.595951 
   5.930000  113.393638  104.850242    4.642564  -14.637567 
   5.940000  113.440064  104.703866    4.623993  -14.679017 
   5.950000  113.486304  104.557076    4.605497  -14.720301 
   5.960000  113.532359  104.409873    4.587075  -14.761420 
   5.970000  113.578230  104.262259    4.568727  -14.802374 
   5.980000  113.623917  104.114235    4.550452  -14.843165 
   5.990000  113.669421  103.965804    4.532250  -14.883792 
   6.000000  113.714744  103.816966    4.514121  -14.924257 
   6.010000  113.759885  103.667723    4.496065  -14.964560 
   6.020000  113.804846  103.518077    4.478081  -15.004701 
   6.030000  113.849627  103.368030    4.460168  -15.044683 
   6.040000  113.894228  103.217584    4.442328  -15.084504 
   6.050000  113.938652  103.066739    4.424558  -15.124166 
   6.060000  113.982897  102.915497    4.406860  -15.163669 
   6.070000  114.026966  102.763860    4.389233  -15.203015 
   6.080000  114.070858  102.611830    4.371676  -15.242203 
   6.090000  114.114575  102.459408    4.354189  -15.281234 
   6.100000  114.158117  102.306596    4.336772  -15.320109 
   6.110000  114.201484  102.153395    4.319425  -15.358828 
   6.120000  114.244679  101.999806    4.302147  -15.397393 
   6.130000  114.287700  101.845832    4.284939  -15.435803 
   6.140000  114.330550  101.691474    4.267799  -15.474060 
   6.150000  114.373228  101.536734    4.250728  -15.512164 
   6.160000  114.415735  101.381612    4.233725  -15.550115 
   6.170000  114.458072  101.226111    4.216790  -15.587915 
   6.180000  114.500240  101.070232    4.199923  -15.625563 
   6.190000  114.542239  100.913976    4.183123  -15.663061 
   6.200000  114.584070  100.757346    4.166391  -15.700409 
   6.210000  114.625734  100.600341    4.149725  -15.737607 
   6.220000  114.667232  100.442965    4.133126  -15.774657 
   6.230000  114.708563  100.285219    4.116594  -15.811558 
   6.240000  114.749729  100.127103    4.100127  -15.848312 
   6.250000  114.790730   99.968620    4.083727  -15.884919 
   6.260000  114.831567   99.809771    4.067392  -15.921379 
   6.270000  114.872241   99.650557    4.051122  -15.957693 
   6.280000  114.912753   99.490980    4.034918  -15.993863 
   6.290000  114.953102   99.331042    4.018778  -16.029887 
   6.300000  114.993289   99.170743    4.002703  -16.065768 
   6.310000  115.033317   99.010085    3.986692  -16.101505 
   6.320000  115.073183   98.849070    3.970745  -16.137099 
   6.330000  115.112891   98.687699    3.954863  -16.172550 
   6.340000  115.152440   98.525974    3.939043  -16.207860 
   6.350000  115.191830   98.363895    3.923287  -16.243028 
   6.360000  115.231063   98.201465    3.907594  -16.278056 
   6.370000  115.270139   98.038684    3.891963  -16.312944 
   6.380000  115.309058   97.875555    3.876396  -16.347692 
   6.390000  115.347822   97.712078    3.860890  -16.382302 
   6.400000  115.386431   97.548255    3.845446  -16.416772 
   6.410000  115.424886   97.384087    3.830065  -16.451105 
   6.420000  115.463186   97.219576    3.814744  -16.485301 
   6.430000  115.501334   97.054723    3.799485  -16.519360 
   6.440000  115.539329   96.889529    3.784287  -16.553282 
   6.450000  115.577172   96.723996    3.769150  -16.587069 
   6.460000  115.614863   96.558126    3.754074  -16.620721 
   6.470000  115.652404   96.391919    3.739057  -16.654238 
   6.480000  115.689794   96.225376    3.724101  -16.687621 
   6.490000  115.727035   96.058500    3.709205  -16.720871 
   6.500000  115.764127   95.891291    3.694368  -16.753987 
   6.510000  115.801071   95.723751    3.679590  -16.786971 
   6.520000  115.837867   95.555882    3.664872  -16.819823 
   6.530000  115.874516   95.387683    3.650213  -16.852544 
   6.540000  115.911018   95.219158    3.635612  -16.885134 
   6.550000  115.947374   95.050307    3.621069  -16.917593 
   6.560000  115.983585   94.881131    3.606585  -16.949923 
   6.570000  116.019650   94.711632    3.592159  -16.982123 
   6.580000  116.055572   94.541810    3.577790  -17.014195 
   6.590000  116.091350   94.371668    3.563479  -17.046138 
   6.600000  116.126985   94.201207    3.549225  -17.077953 
   6.610000  116.162477   94.030427    3.535028  -17.109641 
   6.620000  116.197827   93.859331    3.520888  -17.141203 
   6.630000  116.233036   93.687919    3.506804  -17.172638 
   6.640000  116.268104   93.516193    3.492777  -17.203948 
   6.650000  116.303032   93.344153    3.478806  -17.235132 
   6.660000  116.337820   93.171802    3.464891  -17.266191 
   6.670000  116.372469   92.999140    3.451031  -17.297126 
   6.680000  116.406979   92.826169    3.437227  -17.327938 
   6.690000  116.441352   92.652889    3.423478  -17.358626 
   6.700000  116.475586   92.479303    3.409784  -17.389192 
   6.710000  116.509684   92.305411    3.396145  -17.419635 
   6.720000  116.543646   92.131215    3.382561  -17.449956 
   6.730000  116.577471   91.956715    3.369030  -17.480157 
   6.740000  116.611162   91.781914    3.355554  -17.510236 
   6.750000  116.644717   91.606811    3.342132  -17.540195 
   6.760000  116.678138   91.431409    3.328764  -17.570034 
   6.770000  116.711426   91.255709    3.315448  -17.599754 
   6.780000  116.744581   91.079711    3.302187  -17.629355 
   6.790000  116.777602   90.903418    3.288978  -17.658838 
   6.800000  116.810492   90.726829    3.275822  -17.688202 
   6.810000  116.843250   90.549947    3.262719  -17.717450 
   6.820000  116.875878   90.372773    3.249668  -17.746580 
   6.830000  116.908374   90.195307    3.236669  -17.775593 
   6.840000  116.940741   90.017551    3.223722  -17.804491 
   6.850000  116.972978   89.839506    3.210828  -17.833273 
   6.860000  117.005086   89.661174    3.197984  -17.861940 
   6.870000  117.037066   89.482554    3.185192  -17.890492 
   6.880000  117.068918   89.303649    3.172452  -17.918930 
   6.890000  117.100643   89.124460    3.159762  -17.947255 
   6.900000  117.132240   88.944987    3.147123  -17.975465 
   6.910000  117.163712   88.765233    3.134534  -18.003564 
   6.920000  117.195057   88.585197    3.121996  -18.031549 
   6.930000  117.226277   88.404882    3.109508  -18.059423 
   6.940000  117.257372   88.224287    3.097070  -18.087185 
   6.950000  117.288343   88.043416    3.084682  -18.114837 
   6.960000  117.319189   87.862267    3.072343  -18.142377 
   6.970000  117.349913   87.680843    3.060054  -18.169808 
   6.980000  117.380513   87.499145    3.047813  -18.197129 
   6.990000  117.410992   87.317174    3.035622  -18.224340 
   7.000000  117.441348   87.134931    3.023480  -18.251443 
   7.010000  117.471583   86.952416    3.011386  -18.278437 
   7.020000  117.501696   86.769632    2.999340  -18.305323 
   7.030000  117.531690   86.586579    2.987343  -18.332102 
   7.040000  117.561563   86.403258    2.975394  -18.358774 
   7.050000  117.591317   86.219670    2.963492  -18.385338 
   7.060000  117.620952   86.035816    2.951638  -18.411797 
   7.070000  117.650469   85.851699    2.939831  -18.438150 
   7.080000  117.679867   85.667317    2.928072  -18.464397 
   7.090000  117.709148   85.482673    2.916360  -18.490540 
   7.100000  117.738311   85.297768    2.904694  -18.516578 
   7.110000  117.767358   85.112602    2.893076  -18.542511 
   7.120000  117.796289   84.927177    2.881503  -18.568341 
   7.130000  117.825104   84.741493    2.869977  -18.594068 
   7.140000  117.853804   84.555553    2.858497  -18.619692 
   7.150000  117.882389   84.369356    2.847063  -18.645213 
   7.160000  117.910859   84.182904    2.835675  -18.670632 
   7.170000  117.939216   83.996197    2.824332  -18.695949 
   7.180000  117.967459   83.809238    2.813035  -18.721166 
   7.190000  117.995590   83.622026    2.801783  -18.746281 
   7.200000  118.023608   83.434563    2.790576  -18.771296 
   7.210000  118.051513   83.246850    2.779414  -18.796211 
   7.220000  118.079307   83.058888    2.768296  -18.821026 
   7.230000  118.106990   82.870678    2.757223  -18.845742 
   7.240000  118.134563   82.682221    2.746194  -18.870359 
   7.250000  118.162025   82.493517    2.735209  -18.894877 
   7.260000  118.189377   82.304568    2.724268  -18.919298 
   7.270000  118.216619   82.115375    2.713371  -18.943621 
   7.280000  118.243753   81.925939    2.702518  -18.967846 
   7.290000  118.270778   81.736261    2.691708  -18.991975 
   7.300000  118.297695   81.546341    2.680941  -19.016007 
   7.310000  118.324505   81.356181    2.670217  -19.039943 
   7.320000  118.351207   81.165781    2.659536  -19.063783 
   7.330000  118.377802   80.975144    2.648898  -19.087528 
   7.340000  118.404291   80.784268    2.638302  -19.111178 
   7.350000  118.430674   80.593156    2.627749  -19.134733 
   7.360000  118.456952   80.401809    2.617238  -19.158194 
   7.370000  118.483124   80.210227    2.606769  -19.181561 
   7.380000  118.509192   80.018412    2.596342  -19.204835 
   7.390000  118.535155   79.826363    2.585957  -19.228016 
   7.400000  118.561015   79.634083    2.575613  -19.251104 
   7.410000  118.586771   79.441572    2.565311  -19.274099 
   7.420000  118.612424   79.248831    2.555049  -19.297003 
   7.430000  118.637974   79.055861    2.544829  -19.319815 
   7.440000  118.663423   78.862663    2.534650  -19.342536 
   7.450000  118.688769   78.669238    2.524511  -19.365166 
   7.460000  118.714014   78.475586    2.514413  -19.387705 
   7.470000  118.739159   78.281709    2.504355  -19.410154 
   7.480000  118.764202   78.087607    2.494338  -19.432513 
   7.490000  118.789145   77.893282    2.484361  -19.454783 
   7.500000  118.813989   77.698734    2.474423  -19.476964 
   7.510000  118.838733   77.503965    2.464526  -19.499056 
   7.520000  118.863379   77.308974    2.454667  -19.521060 
   7.530000  118.887925   77.113763    2.444849  -19.542976 
   7.540000  118.912374   76.918334    2.435069  -19.564804 
   7.550000  118.936724   76.722686    2.425329  -19.586545 
   7.560000  118.960978   76.526820    2.415628  -19.608199 
   7.570000  118.985134   76.330738    2.405965  -19.629766 
   7.580000  119.009194   76.134441    2.396341  -19.651247 
   7.590000  119.033157   75.937928    2.386756  -19.672642 
   7.600000  119.057025   75.741202    2.377209  -19.693951 
   7.610000  119.080797   75.544262    2.367700  -19.715175 
   7.620000  119.104474   75.347110    2.358229  -19.736315 
   7.630000  119.128056   75.149747    2.348796  -19.757369 
   7.640000  119.151544   74.952174    2.339401  -19.778340 
   7.650000  119.174938   74.754390    2.330044  -19.799227 
   7.660000  119.198238   74.556398    2.320724  -19.820030 
   7.670000  119.221446   74.358198    2.311441  -19.840750 
   7.680000  119.244560   74.159790    2.302195  -19.861387 
   7.690000  119.267582   73.961176    2.292986  -19.881941 
   7.700000  119.290512   73.762357    2.283814  -19.902413 
   7.710000  119.313350   73.563333    2.274679  -19.922804 
   7.720000  119.336097   73.364105    2.265580  -19.943112 
   7.730000  119.358753   73.164674    2.256518  -19.963340 
   7.740000  119.381318   72.965040    2.247492  -19.983487 
   7.750000  119.403793   72.765205    2.238502  -20.003553 
   7.760000  119.426178   72.565170    2.229548  -20.023538 
   7.770000  119.448473   72.364934    2.220630  -20.043444 
   7.780000  119.470679   72.164500    2.211747  -20.063270 
   7.790000  119.492797   71.963867    2.202900  -20.083017 
   7.800000  119.514826   71.763037    2.194088  -20.102685 
   7.810000  119.536767   71.562010    2.185312  -20.122275 
   7.820000  119.558620   71.360787    2.176571  -20.141786 
   7.830000  119.580386   71.159370    2.167865  -20.161218 
   7.840000  119.602064   70.957757    2.159193  -20.180573 
   7.850000  119.623656   70.755952    2.150556  -20.199851 
   7.860000  119.645162   70.553953    2.141954  -20.219052 
   7.870000  119.666581   70.351763    2.133386  -20.238176 
   7.880000  119.687915   70.149381    2.124853  -20.257223 
   7.890000  119.709164   69.946809    2.116353  -20.276194 
   7.900000  119.730327   69.744047    2.107888  -20.295089 
   7.910000  119.751406   69.541096    2.099456  -20.313909 
   7.920000  119.772401   69.337957    2.091059  -20.332653 
   7.930000  119.793311   69.134630    2.082694  -20.351323 
   7.940000  119.814138   68.931117    2.074364  -20.369917 
   7.950000  119.834882   68.727418    2.066066  -20.388438 
   7.960000  119.855543   68.523533    2.057802  -20.406884 
   7.970000  119.876121   68.319465    2.049571  -20.425256 
   7.980000  119.896616   68.115212    2.041372  -20.443555 
   7.990000  119.917030   67.910777    2.033207  -20.461781 
   8.000000  119.937362   67.706159    2.025074  -20.479934 
   8.010000  119.957613   67.501359    2.016974  -20.498014 
   8.020000  119.977783   67.296379    2.008906  -20.516022 
   8.030000  119.997872   67.091219    2.000870  -20.533958 
   8.040000  120.017880   66.885879    1.992867  -20.551822 
   8.050000  120.037809   66.680361    1.984895  -20.569615 
   8.060000  120.057658   66.474665    1.976956  -20.587337 
   8.070000  120.077427   66.268792    1.969048  -20.604987 
   8.080000  120.097118   66.062742    1.961172  -20.622567 
   8.090000  120.116730   65.856516    1.953327  -20.640077 
   8.100000  120.136263   65.650115    1.945514  -20.657517 
   8.110000  120.155718   65.443540    1.937732  -20.674887 
   8.120000  120.175095   65.236791    1.929981  -20.692187 
   8.130000  120.194395   65.029869    1.922261  -20.709418 
   8.140000  120.213618   64.822775    1.914572  -20.726581 
   8.150000  120.232764   64.615509    1.906913  -20.743674 
   8.160000  120.251833   64.408073    1.899286  -20.760700 
   8.170000  120.270826   64.200466    1.891689  -20.777657 
   8.180000  120.289742   63.992689    1.884122  -20.794546 
   8.190000  120.308584   63.784744    1.876585  -20.811368 
   8.200000  120.327349   63.576630    1.869079  -20.828123 
   8.210000  120.346040   63.368349    1.861603  -20.844810 
   8.220000  120.364656   63.159901    1.854156  -20.861431 
   8.230000  120.383198   62.951286    1.846740  -20.877985 
   8.240000  120.401665   62.742507    1.839353  -20.894473 
   8.250000  120.420059   62.533562    1.831995  -20.910895 
   8.260000  120.438379   62.324453    1.824667  -20.927252 
   8.270000  120.456625   62.115180    1.817369  -20.943543 
   8.280000  120.474799   61.905745    1.810099  -20.959768 
   8.290000  120.492900   61.696147    1.802859  -20.975929 
   8.300000  120.510929   61.486388    1.795647  -20.992026 
   8.310000  120.528885   61.276468    1.788465  -21.008058 
   8.320000  120.546770   61.066387    1.781311  -21.024025 
   8.330000  120.564583   60.856147    1.774186  -21.039929 
   8.340000  120.582325   60.645748    1.767089  -21.055770 
   8.350000  120.599996   60.435190    1.760021  -21.071546 
   8.360000  120.617596   60.224474    1.752981  -21.087260 
   8.370000  120.635126   60.013602    1.745969  -21.102911 
   8.380000  120.652585   59.802573    1.738985  -21.118500 
   8.390000  120.669975   59.591388    1.732029  -21.134026 
   8.400000  120.687295   59.380047    1.725101  -21.149489 
   8.410000  120.704546   59.168553    1.718200  -21.164892 
   8.420000  120.721729   58.956904    1.711327  -21.180232 
   8.430000  120.738842   58.745101    1.704482  -21.195511 
   8.440000  120.755887   58.533146    1.697664  -21.210729 
   8.450000  120.772863   58.321039    1.690874  -21.225886 
   8.460000  120.789772   58.108780    1.684110  -21.240983 
   8.470000  120.806613   57.896370    1.677374  -21.256019 
   8.480000  120.823387   57.683810    1.670664  -21.270995 
   8.490000  120.840093   57.471100    1.663981  -21.285911 
   8.500000  120.856733   57.258241    1.657326  -21.300767 
   8.510000  120.873307   57.045233    1.650696  -21.315564 
   8.520000  120.889813   56.832078    1.644093  -21.330302 
   8.530000  120.906254   56.618775    1.637517  -21.344980 
   8.540000  120.922630   56.405325    1.630967  -21.359600 
   8.550000  120.938939   56.191729    1.624443  -21.374162 
   8.560000  120.955184   55.977987    1.617945  -21.388665 
   8.570000  120.971363   55.764101    1.611474  -21.403111 
   8.580000  120.987478   55.550069    1.605028  -21.417498 
   8.590000  121.003528   55.335894    1.598608  -21.431828 
   8.600000  121.019514   55.121576    1.592213  -21.446101 
   8.610000  121.035436   54.907115    1.585844  -21.460317 
   8.620000  121.051295   54.692512    1.579501  -21.474475 
   8.630000  121.067090   54.477767    1.573183  -21.488577 
   8.640000  121.082822   54.262881    1.566890  -21.502623 
   8.650000  121.098491   54.047855    1.560623  -21.516613 
   8.660000  121.114097   53.832689    1.554380  -21.530546 
   8.670000  121.129641   53.617384    1.548163  -21.544424 
   8.680000  121.145122   53.401939    1.541970  -21.558246 
   8.690000  121.160542   53.186357    1.535802  -21.572013 
   8.700000  121.175900   52.970637    1.529659  -21.585725 
   8.710000  121.191197   52.754780    1.523540  -21.599382 
   8.720000  121.206432   52.538786    1.517446  -21.612985 
   8.730000  121.221606   52.322656    1.511376  -21.626533 
   8.740000  121.236720   52.106391    1.505331  -21.640027 
   8.750000  121.251773   51.889990    1.499309  -21.653467 
   8.760000  121.266767   51.673456    1.493312  -21.666853 
   8.770000  121.281700   51.456787    1.487339  -21.680185 
   8.780000  121.296573   51.239985    1.481390  -21.693465 
   8.790000  121.311387   51.023051    1.475464  -21.706691 
   8.800000  121.326142   50.805984    1.469562  -21.719864 
   8.810000  121.340837   50.588785    1.463684  -21.732985 
   8.820000  121.355474   50.371455    1.457829  -21.746053 
   8.830000  121.370052   50.153995    1.451998  -21.759068 
   8.840000  121.384572   49.936404    1.446190  -21.772032 
   8.850000  121.399034   49.718684    1.440405  -21.784944 
   8.860000  121.413438   49.500834    1.434644  -21.797804 
   8.870000  121.427785   49.282856    1.428905  -21.810613 
   8.880000  121.442074   49.064750    1.423189  -21.823371 
   8.890000  121.456306   48.846516    1.417497  -21.836077 
   8.900000  121.470481   48.628156    1.411827  -21.848733 
   8.910000  121.484599   48.409668    1.406179  -21.861338 
   8.920000  121.498661   48.191055    1.400555  -21.873892 
   8.930000  121.512666   47.972316    1.394952  -21.886397 
   8.940000  121.526616   47.753452    1.389373  -21.898851 
   8.950000  121.540509   47.534463    1.383815  -21.911256 
   8.960000  121.554348   47.315351    1.378280  -21.923611 
   8.970000  121.568130   47.096115    1.372767  -21.935916 
   8.980000  121.581858   46.876756    1.367276  -21.948173 
   8.990000  121.595531   46.657274    1.361807  -21.960380 
   9.000000  121.609149   46.437670    1.356359  -21.972539 
   9.010000  121.622713   46.217945    1.350934  -21.984648 
   9.020000  121.636222   45.998098    1.345530  -21.996710 
   9.030000  121.649677   45.778131    1.340148  -22.008723 
   9.040000  121.663079   45.558044    1.334787  -22.020688 
   9.050000  121.676427   45.337837    1.329448  -22.032605 
   9.060000  121.689721   45.117511    1.324130  -22.044475 
   9.070000  121.702962   44.897066    1.318834  -22.056297 
   9.080000  121.716151   44.676503    1.313559  -22.068072 
   9.090000  121.729286   44.455823    1.308304  -22.079800 
   9.100000  121.742369   44.235025    1.303071  -22.091480 
   9.110000  121.755400   44.014110    1.297859  -22.103114 
   9.120000  121.768379   43.793079    1.292667  -22.114702 
   9.130000  121.781305   43.571932    1.287497  -22.126243 
   9.140000  121.794180   43.350669    1.282347  -22.137738 
   9.150000  121.807004   43.129292    1.277217  -22.149187 
   9.160000  121.819776   42.907800    1.272109  -22.160590 
   9.170000  121.832497   42.686194    1.267020  -22.171948 
   9.180000  121.845167   42.464475    1.261952  -22.183260 
   9.190000  121.857787   42.242642    1.256904  -22.194527 
   9.200000  121.870356   42.020697    1.251877  -22.205749 
   9.210000  121.882874   41.798639    1.246869  -22.216926 
   9.220000  121.895343   41.576470    1.241882  -22.228058 
   9.230000  121.907762   41.354189    1.236914  -22.239146 
   9.240000  121.920131   41.131798    1.231966  -22.250190 
   9.250000  121.932451   40.909296    1.227039  -22.261189 
   9.260000  121.944721   40.686684    1.222130  -22.272144 
   9.270000  121.956942   40.463963    1.217242  -22.283056 
   9.280000  121.969115   40.241132    1.212373  -22.293923 
   9.290000  121.981239   40.018193    1.207523  -22.304748 
   9.300000  121.993314   39.795145    1.202693  -22.315529 
   9.310000  122.005341   39.571990    1.197883  -22.326267 
   9.320000  122.017320   39.348727    1.193091  -22.336961 
   9.330000  122.029251   39.125358    1.188319  -22.347614 
   9.340000  122.041134   38.901882    1.183565  -22.358223 
   9.350000  122.052969   38.678299    1.178831  -22.368790 
   9.360000  122.064758   38.454612    1.174116  -22.379315 
   9.370000  122.076499   38.230818    1.169419  -22.389798 
   9.380000  122.088193   38.006920    1.164742  -22.400239 
   9.390000  122.099840   37.782918    1.160083  -22.410638 
   9.400000  122.111441   37.558812    1.155442  -22.420995 
   9.410000  122.122996   37.334602    1.150821  -22.431311 
   9.420000  122.134504   37.110289    1.146217  -22.441586 
   9.430000  122.145966   36.885873    1.141632  -22.451820 
   9.440000  122.157382   36.661355    1.137066  -22.462012 
   9.450000  122.168753   36.436734    1.132518  -22.472164 
   9.460000  122.180078   36.212013    1.127988  -22.482276 
   9.470000  122.191358   35.987190    1.123476  -22.492347 
   9.480000  122.202593   35.762267    1.118982  -22.502377 
   9.490000  122.213783   35.537243    1.114506  -22.512368 
   9.500000  122.224928   35.312119    1.110048  -22.522318 
   9.510000  122.236028   35.086896    1.105608  -22.532229 
   9.520000  122.247084   34.861574    1.101185  -22.542100 
   9.530000  122.258096   34.636153    1.096780  -22.551932 
   9.540000  122.269064   34.410633    1.092393  -22.561724 
   9.550000  122.279988   34.185016    1.088024  -22.571477 
   9.560000  122.290868   33.959301    1.083672  -22.581191 
   9.570000  122.301705   33.733489    1.079337  -22.590866 
   9.580000  122.312498   33.507581    1.075020  -22.600503 
   9.590000  122.323248   33.281576    1.070720  -22.610101 
   9.600000  122.333956   33.055475    1.066437  -22.619660 
   9.610000  122.344620   32.829278    1.062171  -22.629182 
   9.620000  122.355242   32.602986    1.057922  -22.638665 
   9.630000  122.365821   32.376600    1.053691  -22.648110 
   9.640000  122.376358   32.150118    1.049476  -22.657518 
   9.650000  122.386853   31.923543    1.045278  -22.666888 
   9.660000  122.397305   31.696874    1.041097  -22.676220 
   9.670000  122.407716   31.470112    1.036932  -22.685515 
   9.680000  122.418086   31.243257    1.032785  -22.694773 
   9.690000  122.428413   31.016309    1.028653  -22.703994 
   9.700000  122.438700   30.789269    1.024539  -22.713178 
   9.710000  122.448945   30.562138    1.020441  -22.722326 
   9.720000  122.459150   30.334914    1.016359  -22.731436 
   9.730000  122.469313   30.107600    1.012294  -22.740511 
   9.740000  122.479436   29.880195    1.008244  -22.749548 
   9.750000  122.489519   29.652699    1.004211  -22.758550 
   9.760000  122.499561   29.425114    1.000195  -22.767516 
   9.770000  122.509563   29.197439    0.996194  -22.776446 
   9.780000  122.519525   28.969674    0.992209  -22.785340 
   9.790000  122.529447   28.741821    0.988240  -22.794199 
   9.800000  122.539329   28.513879    0.984287  -22.803022 
   9.810000  122.549172   28.285849    0.980350  -22.811810 
   9.820000  122.558976   28.057731    0.976429  -22.820563 
   9.830000  122.568740   27.829525    0.972523  -22.829280 
   9.840000  122.578465   27.601232    0.968633  -22.837963 
   9.850000  122.588151   27.372853    0.964758  -22.846612 
   9.860000  122.597799   27.144386    0.960899  -22.855225 
   9.870000  122.607408   26.915834    0.957056  -22.863804 
   9.880000  122.616979   26.687196    0.953227  -22.872349 
   9.890000  122.626511   26.458473    0.949415  -22.880860 
   9.900000  122.636005   26.229664    0.945617  -22.889336 
   9.910000  122.645461   26.000771    0.941834  -22.897779 
   9.920000  122.654880   25.771793    0.938067  -22.906188 
   9.930000  122.664260   25.542731    0.934315  -22.914563 
   9.940000  122.673603   25.313585    0.930578  -22.922905 
   9.950000  122.682909   25.084356    0.926855  -22.931213 
   9.960000  122.692178   24.855044    0.923148  -22.939488 
   9.970000  122.701409   24.625649    0.919455  -22.947730 
   9.980000  122.710604   24.396172    0.915777  -22.955939 
   9.990000  122.719761   24.166613    0.912114  -22.964116 
  10.000000  122.728883   23.936971    0.908466  -22.972259 
  10.010000  122.737967   23.707249    0.904832  -22.980370 
  10.020000  122.747016   23.477445    0.901213  -22.988449 
  10.030000  122.756028   23.247561    0.897608  -22.996495 
  10.040000  122.765004   23.017596    0.894017  -23.004509 
  10.050000  122.773944   22.787551    0.890441  -23.012491 
  10.060000  122.782848   22.557426    0.886880  -23.020441 
  10.070000  122.791717   22.327221    0.883332  -23.028359 
  10.080000  122.800551   22.096938    0.879799  -23.036246 
  10.090000  122.809348   21.866575    0.876279  -23.044101 
  10.100000  122.818111   21.636134    0.872774  -23.051924 
  10.110000  122.826839   21.405615    0.869283  -23.059717 
  10.120000  122.835532   21.175018    0.865806  -23.067478 
  10.130000  122.844190   20.944343    0.862343  -23.075208 
  10.140000  122.852813   20.713591    0.858894  -23.082907 
  10.150000  122.861402   20.482762    0.855458  -23.090575 
  10.160000  122.869957   20.251856    0.852036  -23.098213 
  10.170000  122.878477   20.020874    0.848628  -23.105820 
  10.180000  122.886964   19.789816    0.845233  -23.113397 
  10.190000  122.895416   19.558682    0.841853  -23.120943 
  10.200000  122.903834   19.327472    0.838485  -23.128459 
  10.210000  122.912219   19.096188    0.835131  -23.135946 
  10.220000  122.920571   18.864828    0.831791  -23.143402 
  10.230000  122.928888   18.633394    0.828463  -23.150828 
  10.240000  122.937173   18.401886    0.825150  -23.158225 
  10.250000  122.945425   18.170304    0.821849  -23.165592 
  10.260000  122.953643   17.938648    0.818562  -23.172930 
  10.270000  122.961829   17.706919    0.815287  -23.180238 
  10.280000  122.969982   17.475116    0.812026  -23.187517 
  10.290000  122.978102   17.243241    0.808778  -23.194767 
  10.300000  122.986190   17.011293    0.805543  -23.201988 
  10.310000  122.994245   16.779274    0.802321  -23.209180 
  10.320000  123.002268   16.547182    0.799112  -23.216343 
  10.330000  123.010259   16.315018    0.795915  -23.223478 
  10.340000  123.018218   16.082784    0.792731  -23.230584 
  10.350000  123.026146   15.850478    0.789561  -23.237662 
  10.360000  123.034041   15.618101    0.786402  -23.244711 
  10.370000  123.041905   15.385654    0.783257  -23.251732 
  10.380000  123.049738   15.153137    0.780124  -23.258725 
  10.390000  123.057539   14.920549    0.777003  -23.265690 
  10.400000  123.065309   14.687892    0.773895  -23.272628 
  10.410000  123.073048   14.455166    0.770800  -23.279537 
  10.420000  123.080756   14.222371    0.767716  -23.286419 
  10.430000  123.088433   13.989507    0.764646  -23.293273 
  10.440000  123.096080   13.756574    0.761587  -23.300100 
  10.450000  123.103696   13.523573    0.758541  -23.306900 
  10.460000  123.111281   13.290504    0.755506  -23.313672 
  10.470000  123.118836   13.057367    0.752484  -23.320417 
  10.480000  123.126361   12.824163    0.749474  -23.327136 
  10.490000  123.133856   12.590892    0.746477  -23.333827 
  10.500000  123.141321   12.357553    0.743491  -23.340492 
  10.510000  123.148755   12.124148    0.740517  -23.347130 
  10.520000  123.156161   11.890677    0.737555  -23.353741 
  10.530000  123.163536   11.657140    0.734604  -23.360326 
  10.540000  123.170882   11.423537    0.731666  -23.366885 
  10.550000  123.178199   11.189868    0.728739  -23.373418 
  10.560000  123.185486   10.956133    0.725824  -23.379924 
  10.570000  123.192744   10.722334    0.722921  -23.386404 
  10.580000  123.199974   10.488470    0.720029  -23.392859 
  10.590000  123.207174   10.254542    0.717149  -23.399287 
  10.600000  123.214345   10.020549    0.714281  -23.405690 
  10.610000  123.221488    9.786492    0.711424  -23.412067 
  10.620000  123.228603    9.552371    0.708578  -23.418419 
  10.630000  123.235688    9.318187    0.705744  -23.424745 
  10.640000  123.242746    9.083940    0.702921  -23.431046 
  10.650000  123.249775    8.849629    0.700109  -23.437322 
  10.660000  123.256776    8.615256    0.697308  -23.443573 
  10.670000  123.263749    8.380820    0.694519  -23.449799 
  10.680000  123.270694    8.146322    0.691741  -23.455999 
  10.690000  123.277612    7.911762    0.688974  -23.462175 
  10.700000  123.284501    7.677140    0.686218  -23.468327 
  10.710000  123.291364    7.442457    0.683473  -23.474453 
  10.720000  123.298198    7.207713    0.680740  -23.480556 
  10.730000  123.305006    6.972907    0.678017  -23.486633 
  10.740000  123.311786    6.738041    0.675304  -23.492687 
  10.750000  123.318539    6.503114    0.672603  -23.498716 
  10.760000  123.325265    6.268127    0.669913  -23.504721 
  10.770000  123.331964    6.033079    0.667233  -23.510702 
  10.780000  123.338636    5.797972    0.664564  -23.516659 
  10.790000  123.345282    5.562806    0.661906  -23.522593 
  10.800000  123.351901    5.327580    0.659258  -23.528502 
  10.810000  123.358494    5.092295    0.656621  -23.534388 
  10.820000  123.365060    4.856951    0.653995  -23.540251 
  10.830000  123.371600    4.621548    0.651379  -23.546090 
  10.840000  123.378114    4.386088    0.648773  -23.551906 
  10.850000  123.384601    4.150569    0.646178  -23.557698 
  10.860000  123.391063    3.914992    0.643594  -23.563467 
  10.870000  123.397499    3.679357    0.641019  -23.569213 
  10.880000  123.403909    3.443665    0.638455  -23.574936 
  10.890000  123.410294    3.207915    0.635901  -23.580637 
  10.900000  123.416653    2.972109    0.633358  -23.586314 
  10.910000  123.422987    2.736246    0.630824  -23.591969 
  10.920000  123.429295    2.500326    0.628301  -23.597601 
  10.930000  123.435578    2.264350    0.625788  -23.603211 
  10.940000  123.441836    2.028318    0.623285  -23.608798 
  10.950000  123.448068    1.792230    0.620791  -23.614363 
  10.960000  123.454276    1.556086    0.618308  -23.619905 
  10.970000  123.460459    1.319887    0.615835  -23.625425 
  10.980000  123.466618    1.083633    0.613372  -23.630924 
  10.990000  123.472752    0.847324    0.610918  -23.636400 
  11.000000  123.478861    0.610960    0.608475  -23.641854 
  11.010000  123.484945    0.374541    0.606041  -23.647287 
  11.020000  123.491006    0.138069    0.603617  -23.652698 
