   0.000000    0.000000    0.000000   50.000019   86.602529 
   0.010000    0.500000    0.866025   49.950019   86.415927 
   0.020000    0.999500    1.730185   49.900069   86.229511 
   0.030000    1.498501    2.592480   49.850169   86.043282 
   0.040000    1.997003    3.452912   49.800319   85.857238 
   0.050000    2.495006    4.311485   49.750518   85.671381 
   0.060000    2.992511    5.168199   49.700768   85.485710 
   0.070000    3.489519    6.023056   49.651067   85.300224 
   0.080000    3.986029    6.876058   49.601416   85.114924 
   0.090000    4.482044    7.727207   49.551815   84.929809 
   0.100000    4.977562    8.576505   49.502263   84.744879 
   0.110000    5.472584    9.423954   49.452760   84.560134 
   0.120000    5.967112   10.269555   49.403308   84.375574 
   0.130000    6.461145   11.113311   49.353904   84.191198 
   0.140000    6.954684   11.955223   49.304550   84.007007 
   0.150000    7.447730   12.795293   49.255246   83.823000 
   0.160000    7.940282   13.633523   49.205991   83.639177 
   0.170000    8.432342   14.469915   49.156785   83.455538 
   0.180000    8.923910   15.304470   49.107628   83.272082 
   0.190000    9.414986   16.137191   49.058520   83.088810 
   0.200000    9.905571   16.968079   49.009462   82.905722 
   0.210000   10.395666   17.797137   48.960452   82.722816 
   0.220000   10.885270   18.624365   48.911492   82.540093 
   0.230000   11.374385   19.449766   48.862580   82.357553 
   0.240000   11.863011   20.273341   48.813718   82.175195 
   0.250000   12.351148   21.095093   48.764904   81.993020 
   0.260000   12.838797   21.915023   48.716139   81.811027 
   0.270000   13.325959   22.733134   48.667423   81.629216 
   0.280000   13.812633   23.549426   48.618756   81.447587 
   0.290000   14.298821   24.363902   48.570137   81.266139 
   0.300000   14.784522   25.176563   48.521567   81.084873 
   0.310000   15.269738   25.987412   48.473045   80.903788 
   0.320000   15.754468   26.796450   48.424572   80.722885 
   0.330000   16.238714   27.603678   48.376147   80.542162 
   0.340000   16.722475   28.409100   48.327771   80.361619 
   0.350000   17.205753   29.212716   48.279444   80.181258 
   0.360000   17.688547   30.014529   48.231164   80.001077 
   0.370000   18.170859   30.814540   48.182933   79.821076 
   0.380000   18.652688   31.612750   48.134750   79.641254 
   0.390000   19.134036   32.409163   48.086615   79.461613 
   0.400000   19.614902   33.203779   48.038529   79.282152 
   0.410000   20.095287   33.996601   47.990490   79.102869 
   0.420000   20.575192   34.787629   47.942500   78.923767 
   0.430000   21.054617   35.576867   47.894557   78.744843 
   0.440000   21.533563   36.364315   47.846663   78.566098 
   0.450000   22.012029   37.149976   47.798816   78.387532 
   0.460000   22.490018   37.933852   47.751017   78.209144 
   0.470000   22.967528   38.715943   47.703266   78.030935 
   0.480000   23.444560   39.496252   47.655563   77.852904 
   0.490000   23.921116   40.274782   47.607907   77.675051 
   0.500000   24.397195   41.051532   47.560299   77.497376 
   0.510000   24.872798   41.826506   47.512739   77.319879 
   0.520000   25.347925   42.599705   47.465226   77.142559 
   0.530000   25.822578   43.371130   47.417761   76.965416 
   0.540000   26.296755   44.140784   47.370343   76.788451 
   0.550000   26.770459   44.908669   47.322973   76.611663 
   0.560000   27.243689   45.674785   47.275650   76.435051 
   0.570000   27.716445   46.439136   47.228374   76.258616 
   0.580000   28.188729   47.201722   47.181146   76.082357 
   0.590000   28.660540   47.962546   47.133965   75.906275 
   0.600000   29.131880   48.721608   47.086831   75.730369 
   0.610000   29.602748   49.478912   47.039744   75.554638 
   0.620000   30.073146   50.234459   46.992704   75.379084 
   0.630000   30.543073   50.988249   46.945712   75.203705 
   0.640000   31.012530   51.740286   46.898766   75.028501 
   0.650000   31.481517   52.490571   46.851867   74.853472 
   0.660000   31.950036   53.239106   46.805015   74.678619 
   0.670000   32.418086   53.985892   46.758210   74.503940 
   0.680000   32.885668   54.730932   46.711452   74.329436 
   0.690000   33.352783   55.474226   46.664741   74.155107 
   0.700000   33.819430   56.215777   46.618076   73.980952 
   0.710000   34.285611   56.955587   46.571458   73.806971 
   0.720000   34.751326   57.693656   46.524886   73.633164 
   0.730000   35.216574   58.429988   46.478361   73.459531 
   0.740000   35.681358   59.164583   46.431883   73.286071 
   0.750000   36.145677   59.897444   46.385451   73.112785 
   0.760000   36.609531   60.628572   46.339066   72.939672 
   0.770000   37.072922   61.357969   46.292727   72.766733 
   0.780000   37.535849   62.085636   46.246434   72.593966 
   0.790000   37.998314   62.811576   46.200187   72.421372 
   0.800000   38.460316   63.535789   46.153987   72.248951 
   0.810000   38.921855   64.258279   46.107833   72.076702 
   0.820000   39.382934   64.979046   46.061725   71.904625 
   0.830000   39.843551   65.698092   46.015664   71.732720 
   0.840000   40.303708   66.415419   45.969648   71.560988 
   0.850000   40.763404   67.131029   45.923678   71.389427 
   0.860000   41.222641   67.844923   45.877755   71.218037 
   0.870000   41.681419   68.557104   45.831877   71.046819 
   0.880000   42.139737   69.267572   45.786045   70.875772 
   0.890000   42.597598   69.976330   45.740259   70.704897 
   0.900000   43.055000   70.683379   45.694519   70.534192 
   0.910000   43.511946   71.388721   45.648824   70.363657 
   0.920000   43.968434   72.092357   45.603175   70.193294 
   0.930000   44.424466   72.794290   45.557572   70.023100 
   0.940000   44.880041   73.494521   45.512015   69.853077 
   0.950000   45.335161   74.193052   45.466503   69.683224 
   0.960000   45.789826   74.889884   45.421036   69.513541 
   0.970000   46.244037   75.585020   45.375615   69.344028 
   0.980000   46.697793   76.278460   45.330240   69.174684 
   0.990000   47.151095   76.970207   45.284909   69.005509 
   1.000000   47.603944   77.660262   45.239624   68.836503 
   1.010000   48.056341   78.348627   45.194385   68.667667 
   1.020000   48.508284   79.035303   45.149190   68.498999 
   1.030000   48.959776   79.720293   45.104041   68.330500 
   1.040000   49.410817   80.403598   45.058937   68.162170 
   1.050000   49.861406   81.085220   45.013878   67.994007 
   1.060000   50.311545   81.765160   44.968864   67.826013 
   1.070000   50.761234   82.443420   44.923896   67.658187 
   1.080000   51.210473   83.120002   44.878972   67.490529 
   1.090000   51.659262   83.794908   44.834093   67.323039 
   1.100000   52.107603   84.468138   44.789259   67.155716 
   1.110000   52.555496   85.139695   44.744469   66.988560 
   1.120000   53.002940   85.809581   44.699725   66.821571 
   1.130000   53.449938   86.477796   44.655025   66.654750 
   1.140000   53.896488   87.144344   44.610370   66.488095 
   1.150000   54.342592   87.809225   44.565760   66.321607 
   1.160000   54.788249   88.472441   44.521194   66.155285 
   1.170000   55.233461   89.133994   44.476673   65.989130 
   1.180000   55.678228   89.793885   44.432196   65.823141 
   1.190000   56.122550   90.452116   44.387764   65.657318 
   1.200000   56.566428   91.108690   44.343376   65.491661 
   1.210000   57.009861   91.763606   44.299033   65.326169 
   1.220000   57.452852   92.416868   44.254734   65.160843 
   1.230000   57.895399   93.068476   44.210479   64.995682 
   1.240000   58.337504   93.718433   44.166268   64.830686 
   1.250000   58.779166   94.366740   44.122102   64.665855 
   1.260000   59.220387   95.013399   44.077980   64.501190 
   1.270000   59.661167   95.658410   44.033902   64.336688 
   1.280000   60.101506   96.301777   43.989868   64.172352 
   1.290000   60.541405   96.943501   43.945878   64.008179 
   1.300000   60.980864   97.583583   43.901932   63.844171 
   1.310000   61.419883   98.222024   43.858031   63.680327 
   1.320000   61.858463   98.858828   43.814173   63.516647 
   1.330000   62.296605   99.493994   43.770358   63.353130 
   1.340000   62.734309  100.127525   43.726588   63.189777 
   1.350000   63.171575  100.759423   43.682861   63.026587 
   1.360000   63.608403  101.389689   43.639179   62.863561 
   1.370000   64.044795  102.018325   43.595539   62.700697 
   1.380000   64.480750  102.645332   43.551944   62.537996 
   1.390000   64.916270  103.270712   43.508392   62.375458 
   1.400000   65.351354  103.894466   43.464883   62.213083 
   1.410000   65.786003  104.516597   43.421419   62.050870 
   1.420000   66.220217  105.137106   43.377997   61.888819 
   1.430000   66.653997  105.755994   43.334619   61.726930 
   1.440000   67.087343  106.373263   43.291285   61.565203 
   1.450000   67.520256  106.988915   43.247993   61.403638 
   1.460000   67.952736  107.602952   43.204745   61.242234 
   1.470000   68.384783  108.215374   43.161541   61.080992 
   1.480000   68.816399  108.826184   43.118379   60.919911 
   1.490000   69.247582  109.435383   43.075261   60.758991 
   1.500000   69.678335  110.042973   43.032185   60.598232 
   1.510000   70.108657  110.648955   42.989153   60.437634 
   1.520000   70.538548  111.253332   42.946164   60.277196 
   1.530000   70.968010  111.856104   42.903218   60.116919 
   1.540000   71.397042  112.457273   42.860315   59.956802 
   1.550000   71.825645  113.056841   42.817454   59.796845 
   1.560000   72.253820  113.654809   42.774637   59.637049 
   1.570000   72.681566  114.251180   42.731862   59.477412 
   1.580000   73.108885  114.845954   42.689130   59.317934 
   1.590000   73.535776  115.439133   42.646441   59.158616 
   1.600000   73.962241  116.030719   42.603795   58.999458 
   1.610000   74.388279  116.620714   42.561191   58.840458 
   1.620000   74.813890  117.209118   42.518630   58.681618 
   1.630000   75.239077  117.795935   42.476111   58.522936 
   1.640000   75.663838  118.381164   42.433635   58.364413 
   1.650000   76.088174  118.964808   42.391201   58.206049 
   1.660000   76.512086  119.546869   42.348810   58.047843 
   1.670000   76.935574  120.127347   42.306461   57.889795 
   1.680000   77.358639  120.706245   42.264155   57.731905 
   1.690000   77.781280  121.283564   42.221891   57.574173 
   1.700000   78.203499  121.859306   42.179669   57.416599 
   1.710000   78.625296  122.433472   42.137489   57.259182 
   1.720000   79.046671  123.006064   42.095352   57.101923 
   1.730000   79.467624  123.577083   42.053256   56.944821 
   1.740000   79.888157  124.146531   42.011203   56.787876 
   1.750000   80.308269  124.714410   41.969192   56.631089 
   1.760000   80.727961  125.280721   41.927223   56.474457 
   1.770000   81.147233  125.845465   41.885296   56.317983 
   1.780000   81.566086  126.408645   41.843410   56.161665 
   1.790000   81.984520  126.970262   41.801567   56.005503 
   1.800000   82.402536  127.530317   41.759765   55.849498 
   1.810000   82.820134  128.088812   41.718006   55.693648 
   1.820000   83.237314  128.645748   41.676288   55.537955 
   1.830000   83.654077  129.201128   41.634611   55.382417 
   1.840000   84.070423  129.754952   41.592977   55.227034 
   1.850000   84.486352  130.307222   41.551384   55.071807 
   1.860000   84.901866  130.857940   41.509832   54.916735 
   1.870000   85.316965  131.407108   41.468322   54.761819 
   1.880000   85.731648  131.954726   41.426854   54.607057 
   1.890000   86.145916  132.500796   41.385427   54.452450 
   1.900000   86.559771  133.045321   41.344042   54.297997 
   1.910000   86.973211  133.588301   41.302698   54.143699 
   1.920000   87.386238  134.129738   41.261395   53.989556 
   1.930000   87.798852  134.669633   41.220134   53.835566 
   1.940000   88.211053  135.207989   41.178914   53.681731 
   1.950000   88.622842  135.744806   41.137735   53.528049 
   1.960000   89.034220  136.280087   41.096597   53.374521 
   1.970000   89.445186  136.813832   41.055500   53.221146 
   1.980000   89.855741  137.346044   41.014445   53.067925 
   1.990000   90.265885  137.876723   40.973430   52.914857 
   2.000000   90.675619  138.405871   40.932457   52.761942 
   2.010000   91.084944  138.933491   40.891524   52.609180 
   2.020000   91.493859  139.459583   40.850633   52.456571 
   2.030000   91.902366  139.984148   40.809782   52.304115 
   2.040000   92.310463  140.507190   40.768973   52.151811 
   2.050000   92.718153  141.028708   40.728204   51.999659 
   2.060000   93.125435  141.548704   40.687475   51.847659 
   2.070000   93.532310  142.067181   40.646788   51.695811 
   2.080000   93.938778  142.584139   40.606141   51.544116 
   2.090000   94.344839  143.099580   40.565535   51.392571 
   2.100000   94.750495  143.613506   40.524969   51.241179 
   2.110000   95.155744  144.125918   40.484444   51.089938 
   2.120000   95.560589  144.636817   40.443960   50.938848 
   2.130000   95.965028  145.146205   40.403516   50.787909 
   2.140000   96.369063  145.654085   40.363113   50.637121 
   2.150000   96.772695  146.160456   40.322749   50.486484 
   2.160000   97.175922  146.665321   40.282427   50.335997 
   2.170000   97.578746  147.168681   40.242144   50.185661 
   2.180000   97.981168  147.670537   40.201902   50.035476 
   2.190000   98.383187  148.170892   40.161700   49.885440 
   2.200000   98.784804  148.669746   40.121538   49.735555 
   2.210000   99.186019  149.167102   40.081417   49.585819 
   2.220000   99.586833  149.662960   40.041336   49.436233 
   2.230000   99.987247  150.157322   40.001294   49.286797 
   2.240000  100.387260  150.650190   39.961293   49.137510 
   2.250000  100.786873  151.141565   39.921332   48.988373 
   2.260000  101.186086  151.631449   39.881410   48.839385 
   2.270000  101.584900  152.119843   39.841529   48.690545 
   2.280000  101.983315  152.606749   39.801687   48.541855 
   2.290000  102.381332  153.092167   39.761886   48.393313 
   2.300000  102.778951  153.576100   39.722124   48.244919 
   2.310000  103.176172  154.058549   39.682402   48.096675 
   2.320000  103.572996  154.539516   39.642719   47.948578 
   2.330000  103.969424  155.019002   39.603077   47.800629 
   2.340000  104.365454  155.497008   39.563473   47.652829 
   2.350000  104.761089  155.973536   39.523910   47.505176 
   2.360000  105.156328  156.448588   39.484386   47.357671 
   2.370000  105.551172  156.922165   39.444902   47.210313 
   2.380000  105.945621  157.394268   39.405457   47.063103 
   2.390000  106.339676  157.864899   39.366051   46.916040 
   2.400000  106.733336  158.334060   39.326685   46.769124 
   2.410000  107.126603  158.801751   39.287359   46.622354 
   2.420000  107.519477  159.267974   39.248071   46.475732 
   2.430000  107.911957  159.732732   39.208823   46.329256 
   2.440000  108.304045  160.196024   39.169614   46.182927 
   2.450000  108.695742  160.657853   39.130445   46.036744 
   2.460000  109.087046  161.118221   39.091314   45.890707 
   2.470000  109.477959  161.577128   39.052223   45.744817 
   2.480000  109.868481  162.034576   39.013171   45.599072 
   2.490000  110.258613  162.490567   38.974158   45.453473 
   2.500000  110.648355  162.945102   38.935183   45.308019 
   2.510000  111.037707  163.398182   38.896248   45.162711 
   2.520000  111.426669  163.849809   38.857352   45.017549 
   2.530000  111.815243  164.299984   38.818495   44.872531 
   2.540000  112.203427  164.748710   38.779676   44.727659 
   2.550000  112.591224  165.195986   38.740896   44.582931 
   2.560000  112.978633  165.641816   38.702156   44.438348 
   2.570000  113.365655  166.086199   38.663453   44.293910 
   2.580000  113.752289  166.529138   38.624790   44.149616 
   2.590000  114.138537  166.970634   38.586165   44.005466 
   2.600000  114.524399  167.410689   38.547579   43.861461 
   2.610000  114.909875  167.849304   38.509031   43.717599 
   2.620000  115.294965  168.286480   38.470522   43.573882 
   2.630000  115.679670  168.722218   38.432052   43.430308 
   2.640000  116.063991  169.156521   38.393620   43.286877 
   2.650000  116.447927  169.589390   38.355226   43.143590 
   2.660000  116.831479  170.020826   38.316871   43.000447 
   2.670000  117.214648  170.450831   38.278554   42.857446 
   2.680000  117.597433  170.879405   38.240276   42.714589 
   2.690000  117.979836  171.306551   38.202035   42.571874 
   2.700000  118.361857  171.732270   38.163833   42.429303 
   2.710000  118.743495  172.156563   38.125669   42.286873 
   2.720000  119.124752  172.579431   38.087544   42.144586 
   2.730000  119.505627  173.000877   38.049456   42.002442 
   2.740000  119.886122  173.420902   38.011407   41.860439 
   2.750000  120.266236  173.839506   37.973395   41.718579 
   2.760000  120.645970  174.256692   37.935422   41.576860 
   2.770000  121.025324  174.672461   37.897486   41.435283 
   2.780000  121.404299  175.086813   37.859589   41.293848 
   2.790000  121.782895  175.499752   37.821729   41.152554 
   2.800000  122.161112  175.911277   37.783908   41.011402 
   2.810000  122.538951  176.321391   37.746124   40.870390 
   2.820000  122.916412  176.730095   37.708378   40.729520 
   2.830000  123.293496  177.137390   37.670669   40.588790 
   2.840000  123.670203  177.543278   37.632999   40.448202 
   2.850000  124.046533  177.947760   37.595366   40.307753 
   2.860000  124.422486  178.350838   37.557770   40.167446 
   2.870000  124.798064  178.752512   37.520212   40.027278 
   2.880000  125.173266  179.152785   37.482692   39.887251 
   2.890000  125.548093  179.551658   37.445210   39.747364 
   2.900000  125.922545  179.949131   37.407764   39.607616 
   2.910000  126.296623  180.345207   37.370357   39.468009 
   2.920000  126.670326  180.739888   37.332986   39.328541 
   2.930000  127.043656  181.133173   37.295653   39.189212 
   2.940000  127.416613  181.525065   37.258358   39.050023 
   2.950000  127.789196  181.915565   37.221099   38.910973 
   2.960000  128.161407  182.304675   37.183878   38.772062 
   2.970000  128.533246  182.692396   37.146694   38.633290 
   2.980000  128.904713  183.078729   37.109548   38.494657 
   2.990000  129.275808  183.463675   37.072438   38.356162 
   3.000000  129.646533  183.847237   37.035366   38.217806 
   3.010000  130.016886  184.229415   36.998330   38.079588 
   3.020000  130.386870  184.610211   36.961332   37.941508 
   3.030000  130.756483  184.989626   36.924371   37.803567 
   3.040000  131.125727  185.367661   36.887446   37.665763 
   3.050000  131.494601  185.744319   36.850559   37.528098 
   3.060000  131.863107  186.119600   36.813708   37.390569 
   3.070000  132.231244  186.493506   36.776894   37.253179 
   3.080000  132.599013  186.866038   36.740118   37.115926 
   3.090000  132.966414  187.237197   36.703377   36.978810 
   3.100000  133.333448  187.606985   36.666674   36.841831 
   3.110000  133.700115  187.975403   36.630007   36.704989 
   3.120000  134.066415  188.342453   36.593377   36.568284 
   3.130000  134.432348  188.708136   36.556784   36.431716 
   3.140000  134.797916  189.072453   36.520227   36.295284 
   3.150000  135.163119  189.435406   36.483707   36.158989 
   3.160000  135.527956  189.796996   36.447223   36.022830 
   3.170000  135.892428  190.157224   36.410776   35.886807 
   3.180000  136.256536  190.516092   36.374365   35.750920 
   3.190000  136.620279  190.873601   36.337991   35.615169 
   3.200000  136.983659  191.229753   36.301653   35.479554 
   3.210000  137.346676  191.584549   36.265351   35.344075 
   3.220000  137.709329  191.937989   36.229086   35.208731 
   3.230000  138.071620  192.290077   36.192857   35.073522 
   3.240000  138.433549  192.640812   36.156664   34.938448 
   3.250000  138.795115  192.990196   36.120507   34.803510 
   3.260000  139.156320  193.338232   36.084387   34.668706 
   3.270000  139.517164  193.684919   36.048302   34.534038 
   3.280000  139.877647  194.030259   36.012254   34.399504 
   3.290000  140.237770  194.374254   35.976242   34.265104 
   3.300000  140.597532  194.716905   35.940266   34.130839 
   3.310000  140.956935  195.058213   35.904325   33.996708 
   3.320000  141.315978  195.398180   35.868421   33.862711 
   3.330000  141.674662  195.736808   35.832553   33.728849 
   3.340000  142.032988  196.074096   35.796720   33.595120 
   3.350000  142.390955  196.410047   35.760923   33.461525 
   3.360000  142.748564  196.744663   35.725162   33.328063 
   3.370000  143.105816  197.077943   35.689437   33.194735 
   3.380000  143.462710  197.409891   35.653748   33.061540 
   3.390000  143.819248  197.740506   35.618094   32.928479 
   3.400000  144.175429  198.069791   35.582476   32.795550 
   3.410000  144.531253  198.397746   35.546894   32.662755 
   3.420000  144.886722  198.724374   35.511347   32.530092 
   3.430000  145.241836  199.049675   35.475835   32.397562 
   3.440000  145.596594  199.373650   35.440359   32.265164 
   3.450000  145.950998  199.696302   35.404919   32.132899 
   3.460000  146.305047  200.017631   35.369514   32.000766 
   3.470000  146.658742  200.337639   35.334145   31.868766 
   3.480000  147.012084  200.656326   35.298811   31.736897 
   3.490000  147.365072  200.973695   35.263512   31.605160 
   3.500000  147.717707  201.289747   35.228248   31.473555 
   3.510000  148.069989  201.604482   35.193020   31.342081 
   3.520000  148.421920  201.917903   35.157827   31.210739 
   3.530000  148.773498  202.230011   35.122669   31.079528 
   3.540000  149.124724  202.540806   35.087546   30.948449 
   3.550000  149.475600  202.850290   35.052459   30.817500 
   3.560000  149.826125  203.158465   35.017406   30.686683 
   3.570000  150.176299  203.465332   34.982389   30.555996 
   3.580000  150.526122  203.770892   34.947407   30.425440 
   3.590000  150.875597  204.075147   34.912459   30.295015 
   3.600000  151.224721  204.378097   34.877547   30.164720 
   3.610000  151.573497  204.679744   34.842669   30.034555 
   3.620000  151.921923  204.980089   34.807827   29.904521 
   3.630000  152.270002  205.279135   34.773019   29.774616 
   3.640000  152.617732  205.576881   34.738246   29.644841 
   3.650000  152.965114  205.873329   34.703507   29.515197 
   3.660000  153.312149  206.168481   34.668804   29.385681 
   3.670000  153.658837  206.462338   34.634135   29.256296 
   3.680000  154.005179  206.754901   34.599501   29.127039 
   3.690000  154.351174  207.046171   34.564901   28.997912 
   3.700000  154.696823  207.336150   34.530337   28.868914 
   3.710000  155.042126  207.624840   34.495806   28.740046 
   3.720000  155.387084  207.912240   34.461310   28.611305 
   3.730000  155.731697  208.198353   34.426849   28.482694 
   3.740000  156.075966  208.483180   34.392422   28.354211 
   3.750000  156.419890  208.766722   34.358030   28.225857 
   3.760000  156.763470  209.048981   34.323672   28.097631 
   3.770000  157.106707  209.329957   34.289348   27.969534 
   3.780000  157.449600  209.609652   34.255059   27.841564 
   3.790000  157.792151  209.888068   34.220804   27.713723 
   3.800000  158.134359  210.165205   34.186583   27.586009 
   3.810000  158.476225  210.441065   34.152396   27.458423 
   3.820000  158.817749  210.715650   34.118244   27.330965 
   3.830000  159.158931  210.988959   34.084126   27.203634 
   3.840000  159.499773  211.260996   34.050042   27.076430 
   3.850000  159.840273  211.531760   34.015992   26.949353 
   3.860000  160.180433  211.801253   33.981976   26.822404 
   3.870000  160.520253  212.069477   33.947994   26.695582 
   3.880000  160.859733  212.336433   33.914046   26.568886 
   3.890000  161.198873  212.602122   33.880132   26.442317 
   3.900000  161.537674  212.866545   33.846251   26.315875 
   3.910000  161.876137  213.129704   33.812405   26.189559 
   3.920000  162.214261  213.391600   33.778593   26.063370 
   3.930000  162.552047  213.652233   33.744814   25.937306 
   3.940000  162.889495  213.911606   33.711069   25.811369 
   3.950000  163.226606  214.169720   33.677358   25.685557 
   3.960000  163.563379  214.426576   33.643681   25.559872 
   3.970000  163.899816  214.682174   33.610037   25.434312 
   3.980000  164.235916  214.936518   33.576427   25.308878 
   3.990000  164.571681  215.189606   33.542851   25.183569 
   4.000000  164.907109  215.441442   33.509308   25.058385 
   4.010000  165.242202  215.692026   33.475799   24.933327 
   4.020000  165.576960  215.941359   33.442323   24.808394 
   4.030000  165.911384  216.189443   33.408881   24.683585 
   4.040000  166.245472  216.436279   33.375472   24.558902 
   4.050000  166.579227  216.681868   33.342096   24.434343 
   4.060000  166.912648  216.926211   33.308754   24.309908 
   4.070000  167.245736  217.169310   33.275445   24.185598 
   4.080000  167.578490  217.411166   33.242170   24.061413 
   4.090000  167.910912  217.651781   33.208928   23.937351 
   4.100000  168.243001  217.891154   33.175719   23.813414 
   4.110000  168.574758  218.129288   33.142543   23.689601 
   4.120000  168.906184  218.366184   33.109401   23.565911 
   4.130000  169.237278  218.601843   33.076291   23.442345 
   4.140000  169.568041  218.836267   33.043215   23.318903 
   4.150000  169.898473  219.069456   33.010172   23.195584 
   4.160000  170.228574  219.301412   32.977161   23.072388 
   4.170000  170.558346  219.532136   32.944184   22.949316 
   4.180000  170.887788  219.761629   32.911240   22.826367 
   4.190000  171.216900  219.989892   32.878329   22.703540 
   4.200000  171.545684  220.216928   32.845451   22.580837 
   4.210000  171.874138  220.442736   32.812605   22.458256 
   4.220000  172.202264  220.667319   32.779792   22.335798 
   4.230000  172.530062  220.890677   32.747013   22.213462 
   4.240000  172.857532  221.112811   32.714266   22.091248 
   4.250000  173.184675  221.333724   32.681551   21.969157 
   4.260000  173.511490  221.553415   32.648870   21.847188 
   4.270000  173.837979  221.771887   32.616221   21.725341 
   4.280000  174.164141  221.989141   32.583605   21.603615 
   4.290000  174.489977  222.205177   32.551021   21.482012 
   4.300000  174.815487  222.419997   32.518470   21.360530 
   4.310000  175.140672  222.633602   32.485952   21.239169 
   4.320000  175.465532  222.845994   32.453466   21.117930 
   4.330000  175.790066  223.057173   32.421012   20.996812 
   4.340000  176.114276  223.267141   32.388591   20.875815 
   4.350000  176.438162  223.475899   32.356203   20.754940 
   4.360000  176.761724  223.683449   32.323846   20.634185 
   4.370000  177.084963  223.889791   32.291523   20.513550 
   4.380000  177.407878  224.094926   32.259231   20.393037 
   4.390000  177.730470  224.298857   32.226972   20.272644 
   4.400000  178.052740  224.501583   32.194745   20.152371 
   4.410000  178.374688  224.703107   32.162550   20.032219 
   4.420000  178.696313  224.903429   32.130388   19.912187 
   4.430000  179.017617  225.102551   32.098257   19.792274 
   4.440000  179.338600  225.300474   32.066159   19.672482 
   4.450000  179.659261  225.497198   32.034093   19.552810 
   4.460000  179.979602  225.692726   32.002059   19.433257 
   4.470000  180.299623  225.887059   31.970057   19.313824 
   4.480000  180.619323  226.080197   31.938087   19.194510 
   4.490000  180.938704  226.272142   31.906148   19.075315 
   4.500000  181.257766  226.462895   31.874242   18.956240 
   4.510000  181.576508  226.652458   31.842368   18.837284 
   4.520000  181.894932  226.840831   31.810526   18.718446 
   4.530000  182.213037  227.028015   31.778715   18.599728 
   4.540000  182.530824  227.214012   31.746936   18.481128 
   4.550000  182.848293  227.398824   31.715190   18.362647 
   4.560000  183.165445  227.582450   31.683474   18.244284 
   4.570000  183.482280  227.764893   31.651791   18.126040 
   4.580000  183.798798  227.946153   31.620139   18.007914 
   4.590000  184.114999  228.126233   31.588519   17.889906 
   4.600000  184.430885  228.305132   31.556930   17.772016 
   4.610000  184.746454  228.482852   31.525373   17.654244 
   4.620000  185.061708  228.659394   31.493848   17.536590 
   4.630000  185.376646  228.834760   31.462354   17.419053 
   4.640000  185.691270  229.008951   31.430892   17.301634 
   4.650000  186.005579  229.181967   31.399461   17.184333 
   4.660000  186.319573  229.353810   31.368062   17.067148 
   4.670000  186.633254  229.524482   31.336693   16.950081 
   4.680000  186.946621  229.693983   31.305357   16.833131 
   4.690000  187.259674  229.862314   31.274051   16.716298 
   4.700000  187.572415  230.029477   31.242777   16.599582 
   4.710000  187.884843  230.195473   31.211535   16.482982 
   4.720000  188.196958  230.360303   31.180323   16.366499 
   4.730000  188.508761  230.523968   31.149143   16.250133 
   4.740000  188.820253  230.686469   31.117994   16.133883 
   4.750000  189.131432  230.847808   31.086876   16.017749 
   4.760000  189.442301  231.007985   31.055789   15.901731 
   4.770000  189.752859  231.167003   31.024733   15.785829 
   4.780000  190.063106  231.324861   30.993708   15.670043 
   4.790000  190.373044  231.481561   30.962715   15.554373 
   4.800000  190.682671  231.637105   30.931752   15.438819 
   4.810000  190.991988  231.791493   30.900820   15.323380 
   4.820000  191.300996  231.944727   30.869919   15.208057 
   4.830000  191.609696  232.096808   30.839049   15.092849 
   4.840000  191.918086  232.247736   30.808210   14.977756 
   4.850000  192.226168  232.397514   30.777402   14.862778 
   4.860000  192.533942  232.546141   30.746625   14.747915 
   4.870000  192.841408  232.693621   30.715878   14.633167 
   4.880000  193.148567  232.839952   30.685162   14.518534 
   4.890000  193.455419  232.985138   30.654477   14.404016 
   4.900000  193.761964  233.129178   30.623823   14.289612 
   4.910000  194.068202  233.272074   30.593199   14.175322 
   4.920000  194.374134  233.413827   30.562605   14.061147 
   4.930000  194.679760  233.554439   30.532043   13.947086 
   4.940000  194.985080  233.693909   30.501511   13.833139 
   4.950000  195.290095  233.832241   30.471009   13.719305 
   4.960000  195.594806  233.969434   30.440538   13.605586 
   4.970000  195.899211  234.105490   30.410098   13.491981 
   4.980000  196.203312  234.240409   30.379688   13.378489 
   4.990000  196.507109  234.374194   30.349308   13.265110 
   5.000000  196.810602  234.506845   30.318959   13.151845 
   5.010000  197.113791  234.638364   30.288640   13.038693 
   5.020000  197.416678  234.768751   30.258351   12.925654 
   5.030000  197.719261  234.898007   30.228093   12.812729 
   5.040000  198.021542  235.026135   30.197865   12.699916 
   5.050000  198.323521  235.153134   30.167667   12.587216 
   5.060000  198.625198  235.279006   30.137499   12.474629 
   5.070000  198.926573  235.403752   30.107362   12.362154 
   5.080000  199.227646  235.527374   30.077254   12.249792 
   5.090000  199.528419  235.649872   30.047177   12.137542 
   5.100000  199.828890  235.771247   30.017130   12.025405 
   5.110000  200.129062  235.891501   29.987113   11.913379 
   5.120000  200.428933  236.010635   29.957126   11.801466 
   5.130000  200.728504  236.128650   29.927168   11.689665 
   5.140000  201.027776  236.245546   29.897241   11.577975 
   5.150000  201.326748  236.361326   29.867344   11.466397 
   5.160000  201.625422  236.475990   29.837477   11.354930 
   5.170000  201.923796  236.589539   29.807639   11.243576 
   5.180000  202.221873  236.701975   29.777832   11.132332 
   5.190000  202.519651  236.813298   29.748054   11.021200 
   5.200000  202.817132  236.923510   29.718306   10.910178 
   5.210000  203.114315  237.032612   29.688587   10.799268 
   5.220000  203.411201  237.140605   29.658899   10.688469 
   5.230000  203.707790  237.247490   29.629240   10.577781 
   5.240000  204.004082  237.353267   29.599611   10.467203 
   5.250000  204.300078  237.457939   29.570011   10.356736 
   5.260000  204.595778  237.561507   29.540441   10.246379 
   5.270000  204.891183  237.663971   29.510901   10.136132 
   5.280000  205.186292  237.765332   29.481390   10.025996 
   5.290000  205.481106  237.865592   29.451908    9.915970 
   5.300000  205.775625  237.964752   29.422456    9.806054 
   5.310000  206.069849  238.062812   29.393034    9.696248 
   5.320000  206.363780  238.159775   29.363641    9.586552 
   5.330000  206.657416  238.255640   29.334277    9.476965 
   5.340000  206.950759  238.350410   29.304943    9.367489 
   5.350000  207.243808  238.444085   29.275638    9.258121 
   5.360000  207.536565  238.536666   29.246362    9.148863 
   5.370000  207.829028  238.628154   29.217116    9.039714 
   5.380000  208.121199  238.718552   29.187899    8.930674 
   5.390000  208.413078  238.807858   29.158711    8.821744 
   5.400000  208.704665  238.896076   29.129552    8.712922 
   5.410000  208.995961  238.983205   29.100423    8.604209 
   5.420000  209.286965  239.069247   29.071322    8.495605 
   5.430000  209.577678  239.154203   29.042251    8.387109 
   5.440000  209.868101  239.238074   29.013209    8.278722 
   5.450000  210.158233  239.320861   28.984196    8.170443 
   5.460000  210.448075  239.402566   28.955211    8.062273 
   5.470000  210.737627  239.483189   28.926256    7.954211 
   5.480000  211.026890  239.562731   28.897330    7.846256 
   5.490000  211.315863  239.641193   28.868433    7.738410 
   5.500000  211.604547  239.718577   28.839564    7.630672 
   5.510000  211.892943  239.794884   28.810725    7.523041 
   5.520000  212.181050  239.870115   28.781914    7.415518 
   5.530000  212.468869  239.944270   28.753132    7.308103 
   5.540000  212.756401  240.017351   28.724379    7.200794 
   5.550000  213.043644  240.089359   28.695654    7.093594 
   5.560000  213.330601  240.160295   28.666959    6.986500 
   5.570000  213.617271  240.230160   28.638292    6.879514 
   5.580000  213.903653  240.298955   28.609654    6.772634 
   5.590000  214.189750  240.366681   28.581044    6.665861 
   5.600000  214.475560  240.433340   28.552463    6.559196 
   5.610000  214.761085  240.498932   28.523910    6.452636 
   5.620000  215.046324  240.563458   28.495386    6.346184 
   5.630000  215.331278  240.626920   28.466891    6.239837 
   5.640000  215.615947  240.689318   28.438424    6.133598 
   5.650000  215.900331  240.750654   28.409986    6.027464 
   5.660000  216.184431  240.810929   28.381576    5.921437 
   5.670000  216.468247  240.870143   28.353194    5.815515 
   5.680000  216.751779  240.928298   28.324841    5.709700 
   5.690000  217.035027  240.985395   28.296516    5.603990 
   5.700000  217.317992  241.041435   28.268220    5.498386 
   5.710000  217.600674  241.096419   28.239951    5.392888 
   5.720000  217.883074  241.150348   28.211711    5.287495 
   5.730000  218.165191  241.203223   28.183500    5.182207 
   5.740000  218.447026  241.255045   28.155316    5.077025 
   5.750000  218.728579  241.305815   28.127161    4.971948 
   5.760000  219.009851  241.355535   28.099034    4.866976 
   5.770000  219.290841  241.404205   28.070935    4.762109 
   5.780000  219.571551  241.451826   28.042864    4.657347 
   5.790000  219.851979  241.498399   28.014821    4.552690 
   5.800000  220.132127  241.543926   27.986806    4.448137 
   5.810000  220.411995  241.588407   27.958819    4.343689 
   5.820000  220.691584  241.631844   27.930860    4.239345 
   5.830000  220.970892  241.674238   27.902930    4.135106 
   5.840000  221.249922  241.715589   27.875027    4.030971 
   5.850000  221.528672  241.755898   27.847152    3.926940 
   5.860000  221.807143  241.795168   27.819305    3.823013 
   5.870000  222.085336  241.833398   27.791485    3.719190 
   5.880000  222.363251  241.870590   27.763694    3.615471 
   5.890000  222.640888  241.906745   27.735930    3.511855 
   5.900000  222.918248  241.941863   27.708194    3.408343 
   5.910000  223.195329  241.975947   27.680486    3.304935 
   5.920000  223.472134  242.008996   27.652805    3.201630 
   5.930000  223.748662  242.041012   27.625153    3.098428 
   5.940000  224.024914  242.071996   27.597527    2.995330 
   5.950000  224.300889  242.101950   27.569930    2.892335 
   5.960000  224.576588  242.130873   27.542360    2.789442 
   5.970000  224.852012  242.158768   27.514818    2.686653 
   5.980000  225.127160  242.185634   27.487303    2.583966 
   5.990000  225.402033  242.211474   27.459816    2.481382 
   6.000000  225.676631  242.236288   27.432356    2.378901 
   6.010000  225.950955  242.260077   27.404923    2.276522 
   6.020000  226.225004  242.282842   27.377518    2.174245 
   6.030000  226.498779  242.304584   27.350141    2.072071 
   6.040000  226.772281  242.325305   27.322791    1.969999 
   6.050000  227.045509  242.345005   27.295468    1.868029 
   6.060000  227.318463  242.363685   27.268173    1.766161 
   6.070000  227.591145  242.381347   27.240904    1.664395 
   6.080000  227.863554  242.397991   27.213663    1.562730 
   6.090000  228.135691  242.413618   27.186450    1.461168 
   6.100000  228.407555  242.428230   27.159263    1.359707 
   6.110000  228.679148  242.441827   27.132104    1.258347 
   6.120000  228.950469  242.454410   27.104972    1.157088 
   6.130000  229.221519  242.465981   27.077867    1.055931 
   6.140000  229.492297  242.476540   27.050789    0.954875 
   6.150000  229.762805  242.486089   27.023738    0.853921 
   6.160000  230.033043  242.494628   26.996715    0.753067 
   6.170000  230.303010  242.502159   26.969718    0.652314 
   6.180000  230.572707  242.508682   26.942748    0.551661 
   6.190000  230.842134  242.514199   26.915805    0.451110 
   6.200000  231.111292  242.518710   26.888890    0.350658 
   6.210000  231.380181  242.522217   26.862001    0.250308 
   6.220000  231.648801  242.524720   26.835139    0.150058 
   6.230000  231.917153  242.526220   26.808304    0.049907 
   6.240000  232.185236  242.526719   26.781495   -0.050142 
   6.250000  232.453051  242.526218   26.754714   -0.150092 
   6.260000  232.720598  242.524717   26.727959   -0.249942 
   6.270000  232.987877  242.522217   26.701231   -0.349692 
   6.280000  233.254890  242.518721   26.674530   -0.449343 
   6.290000  233.521635  242.514227   26.647855   -0.548893 
   6.300000  233.788114  242.508738   26.621208   -0.648344 
   6.310000  234.054326  242.502255   26.594586   -0.747696 
   6.320000  234.320272  242.494778   26.567992   -0.846948 
   6.330000  234.585952  242.486308   26.541424   -0.946101 
   6.340000  234.851366  242.476847   26.514882   -1.045155 
   6.350000  235.116515  242.466396   26.488367   -1.144110 
   6.360000  235.381398  242.454955   26.461879   -1.242966 
   6.370000  235.646017  242.442525   26.435417   -1.341723 
   6.380000  235.910371  242.429108   26.408982   -1.440381 
   6.390000  236.174461  242.414704   26.382573   -1.538941 
   6.400000  236.438287  242.399315   26.356190   -1.637402 
   6.410000  236.701849  242.382941   26.329834   -1.735765 
   6.420000  236.965147  242.365583   26.303504   -1.834029 
   6.430000  237.228182  242.347243   26.277201   -1.932195 
   6.440000  237.490954  242.327921   26.250923   -2.030263 
   6.450000  237.753463  242.307618   26.224673   -2.128232 
   6.460000  238.015710  242.286336   26.198448   -2.226104 
   6.470000  238.277694  242.264075   26.172249   -2.323878 
   6.480000  238.539417  242.240836   26.146077   -2.421554 
   6.490000  238.800878  242.216620   26.119931   -2.519133 
   6.500000  239.062077  242.191429   26.093811   -2.616613 
   6.510000  239.323015  242.165263   26.067717   -2.713997 
   6.520000  239.583692  242.138123   26.041650   -2.811283 
   6.530000  239.844109  242.110010   26.015608   -2.908472 
   6.540000  240.104265  242.080925   25.989592   -3.005563 
   6.550000  240.364161  242.050870   25.963603   -3.102557 
   6.560000  240.623797  242.019844   25.937639   -3.199455 
   6.570000  240.883173  241.987850   25.911702   -3.296255 
   6.580000  241.142290  241.954887   25.885790   -3.392959 
   6.590000  241.401148  241.920957   25.859904   -3.489566 
   6.600000  241.659747  241.886062   25.834044   -3.586077 
   6.610000  241.918088  241.850201   25.808210   -3.682491 
   6.620000  242.176170  241.813376   25.782402   -3.778808 
   6.630000  242.433994  241.775588   25.756619   -3.875029 
   6.640000  242.691560  241.736838   25.730863   -3.971154 
   6.650000  242.948869  241.697126   25.705132   -4.067183 
   6.660000  243.205920  241.656454   25.679427   -4.163116 
   6.670000  243.462714  241.614823   25.653747   -4.258953 
   6.680000  243.719252  241.572234   25.628094   -4.354694 
   6.690000  243.975533  241.528687   25.602466   -4.450339 
   6.700000  244.231557  241.484183   25.576863   -4.545889 
   6.710000  244.487326  241.438724   25.551286   -4.641343 
   6.720000  244.742839  241.392311   25.525735   -4.736702 
   6.730000  244.998096  241.344944   25.500209   -4.831965 
   6.740000  245.253098  241.296624   25.474709   -4.927133 
   6.750000  245.507845  241.247353   25.449234   -5.022206 
   6.760000  245.762338  241.197131   25.423785   -5.117184 
   6.770000  246.016575  241.145959   25.398361   -5.212066 
   6.780000  246.270559  241.093838   25.372963   -5.306854 
   6.790000  246.524289  241.040770   25.347590   -5.401548 
   6.800000  246.777765  240.986754   25.322242   -5.496146 
   6.810000  247.030987  240.931793   25.296920   -5.590650 
   6.820000  247.283956  240.875887   25.271623   -5.685059 
   6.830000  247.536672  240.819036   25.246352   -5.779374 
   6.840000  247.789136  240.761242   25.221105   -5.873595 
   6.850000  248.041347  240.702506   25.195884   -5.967721 
   6.860000  248.293306  240.642829   25.170688   -6.061753 
   6.870000  248.545013  240.582211   25.145518   -6.155692 
   6.880000  248.796468  240.520655   25.120372   -6.249536 
   6.890000  249.047672  240.458159   25.095252   -6.343286 
   6.900000  249.298624  240.394726   25.070156   -6.436943 
   6.910000  249.549326  240.330357   25.045086   -6.530506 
   6.920000  249.799777  240.265052   25.020041   -6.623976 
   6.930000  250.049977  240.198812   24.995021   -6.717352 
   6.940000  250.299927  240.131639   24.970026   -6.810634 
   6.950000  250.549628  240.063532   24.945056   -6.903824 
   6.960000  250.799078  239.994494   24.920111   -6.996920 
   6.970000  251.048279  239.924525   24.895191   -7.089923 
   6.980000  251.297231  239.853626   24.870296   -7.182833 
   6.990000  251.545934  239.781797   24.845425   -7.275650 
   7.000000  251.794388  239.709041   24.820580   -7.368375 
   7.010000  252.042594  239.635357   24.795759   -7.461006 
   7.020000  252.290552  239.560747   24.770964   -7.553545 
   7.030000  252.538261  239.485211   24.746193   -7.645992 
   7.040000  252.785723  239.408752   24.721447   -7.738346 
   7.050000  253.032938  239.331368   24.696725   -7.830607 
   7.060000  253.279905  239.253062   24.672028   -7.922777 
   7.070000  253.526625  239.173834   24.647356   -8.014854 
   7.080000  253.773099  239.093686   24.622709   -8.106839 
   7.090000  254.019326  239.012617   24.598086   -8.198732 
   7.100000  254.265307  238.930630   24.573488   -8.290534 
   7.110000  254.511042  238.847725   24.548915   -8.382243 
   7.120000  254.756531  238.763902   24.524366   -8.473861 
   7.130000  255.001774  238.679164   24.499841   -8.565387 
   7.140000  255.246773  238.593510   24.475342   -8.656821 
   7.150000  255.491526  238.506942   24.450866   -8.748165 
   7.160000  255.736035  238.419460   24.426415   -8.839417 
   7.170000  255.980299  238.331066   24.401989   -8.930577 
   7.180000  256.224319  238.241760   24.377587   -9.021647 
   7.190000  256.468095  238.151544   24.353209   -9.112625 
   7.200000  256.711627  238.060417   24.328856   -9.203512 
   7.210000  256.954916  237.968382   24.304527   -9.294309 
   7.220000  257.197961  237.875439   24.280223   -9.385014 
   7.230000  257.440763  237.781589   24.255943   -9.475629 
   7.240000  257.683322  237.686833   24.231687   -9.566154 
   7.250000  257.925639  237.591171   24.207455   -9.656588 
   7.260000  258.167714  237.494605   24.183247   -9.746931 
   7.270000  258.409546  237.397136   24.159064   -9.837184 
   7.280000  258.651137  237.298764   24.134905   -9.927347 
   7.290000  258.892486  237.199491   24.110770  -10.017420 
   7.300000  259.133594  237.099316   24.086659  -10.107402 
   7.310000  259.374460  236.998242   24.062573  -10.197295 
   7.320000  259.615086  236.896269   24.038510  -10.287097 
   7.330000  259.855471  236.793398   24.014472  -10.376810 
   7.340000  260.095616  236.689630   23.990457  -10.466434 
   7.350000  260.335520  236.584966   23.966467  -10.555967 
   7.360000  260.575185  236.479406   23.942500  -10.645411 
   7.370000  260.814610  236.372952   23.918558  -10.734766 
   7.380000  261.053796  236.265605   23.894639  -10.824031 
   7.390000  261.292742  236.157364   23.870745  -10.913207 
   7.400000  261.531450  236.048232   23.846874  -11.002294 
   7.410000  261.769918  235.938209   23.823027  -11.091291 
   7.420000  262.008149  235.827296   23.799204  -11.180200 
   7.430000  262.246141  235.715494   23.775405  -11.269020 
   7.440000  262.483895  235.602804   23.751629  -11.357751 
   7.450000  262.721411  235.489227   23.727878  -11.446393 
   7.460000  262.958690  235.374763   23.704150  -11.534947 
   7.470000  263.195731  235.259413   23.680446  -11.623412 
   7.480000  263.432536  235.143179   23.656765  -11.711788 
   7.490000  263.669103  235.026061   23.633109  -11.800077 
   7.500000  263.905434  234.908060   23.609475  -11.888277 
   7.510000  264.141529  234.789178   23.585866  -11.976388 
   7.520000  264.377388  234.669414   23.562280  -12.064412 
   7.530000  264.613011  234.548770   23.538718  -12.152347 
   7.540000  264.848398  234.427246   23.515179  -12.240195 
   7.550000  265.083550  234.304844   23.491664  -12.327955 
   7.560000  265.318466  234.181565   23.468172  -12.415627 
   7.570000  265.553148  234.057408   23.444704  -12.503211 
   7.580000  265.787595  233.932376   23.421259  -12.590708 
   7.590000  266.021808  233.806469   23.397838  -12.678117 
   7.600000  266.255786  233.679688   23.374440  -12.765439 
   7.610000  266.489530  233.552034   23.351066  -12.852674 
   7.620000  266.723041  233.423507   23.327715  -12.939821 
   7.630000  266.956318  233.294109   23.304387  -13.026881 
   7.640000  267.189362  233.163840   23.281083  -13.113855 
   7.650000  267.422173  233.032701   23.257802  -13.200741 
   7.660000  267.654751  232.900694   23.234544  -13.287540 
   7.670000  267.887096  232.767819   23.211309  -13.374252 
   7.680000  268.119209  232.634076   23.188098  -13.460878 
   7.690000  268.351090  232.499467   23.164910  -13.547417 
   7.700000  268.582739  232.363993   23.141745  -13.633870 
   7.710000  268.814157  232.227654   23.118603  -13.720236 
   7.720000  269.045343  232.090452   23.095485  -13.806516 
   7.730000  269.276298  231.952387   23.072389  -13.892709 
   7.740000  269.507022  231.813460   23.049317  -13.978816 
   7.750000  269.737515  231.673672   23.026267  -14.064838 
   7.760000  269.967778  231.533023   23.003241  -14.150773 
   7.770000  270.197810  231.391516   22.980238  -14.236622 
   7.780000  270.427612  231.249149   22.957258  -14.322385 
   7.790000  270.657185  231.105925   22.934300  -14.408063 
   7.800000  270.886528  230.961845   22.911366  -14.493655 
   7.810000  271.115642  230.816908   22.888455  -14.579161 
   7.820000  271.344526  230.671117   22.865566  -14.664582 
   7.830000  271.573182  230.524471   22.842701  -14.749918 
   7.840000  271.801609  230.376972   22.819858  -14.835168 
   7.850000  272.029807  230.228620   22.797038  -14.920333 
   7.860000  272.257778  230.079417   22.774241  -15.005412 
   7.870000  272.485520  229.929363   22.751467  -15.090407 
   7.880000  272.713035  229.778458   22.728715  -15.175316 
   7.890000  272.940322  229.626705   22.705987  -15.260141 
   7.900000  273.167382  229.474104   22.683281  -15.344881 
   7.910000  273.394215  229.320655   22.660597  -15.429536 
   7.920000  273.620821  229.166360   22.637937  -15.514106 
   7.930000  273.847200  229.011219   22.615299  -15.598592 
   7.940000  274.073353  228.855233   22.592684  -15.682994 
   7.950000  274.299280  228.698403   22.570091  -15.767311 
   7.960000  274.524981  228.540730   22.547521  -15.851543 
   7.970000  274.750456  228.382214   22.524973  -15.935692 
   7.980000  274.975706  228.222857   22.502448  -16.019756 
   7.990000  275.200730  228.062660   22.479946  -16.103736 
   8.000000  275.425530  227.901622   22.457466  -16.187633 
   8.010000  275.650104  227.739746   22.435008  -16.271445 
   8.020000  275.874454  227.577032   22.412573  -16.355174 
   8.030000  276.098580  227.413480   22.390161  -16.438819 
   8.040000  276.322482  227.249092   22.367771  -16.522380 
   8.050000  276.546159  227.083868   22.345403  -16.605857 
   8.060000  276.769613  226.917809   22.323058  -16.689251 
   8.070000  276.992844  226.750917   22.300734  -16.772562 
   8.080000  277.215851  226.583191   22.278434  -16.855790 
   8.090000  277.438636  226.414633   22.256155  -16.938934 
   8.100000  277.661197  226.245244   22.233899  -17.021995 
   8.110000  277.883536  226.075024   22.211665  -17.104973 
   8.120000  278.105653  225.903974   22.189454  -17.187868 
   8.130000  278.327547  225.732096   22.167264  -17.270680 
   8.140000  278.549220  225.559389   22.145097  -17.353409 
   8.150000  278.770671  225.385855   22.122952  -17.436056 
   8.160000  278.991901  225.211494   22.100829  -17.518620 
   8.170000  279.212909  225.036308   22.078728  -17.601101 
   8.180000  279.433696  224.860297   22.056649  -17.683500 
   8.190000  279.654263  224.683462   22.034593  -17.765817 
   8.200000  279.874609  224.505804   22.012558  -17.848051 
   8.210000  280.094734  224.327323   21.990545  -17.930203 
   8.220000  280.314640  224.148021   21.968555  -18.012273 
   8.230000  280.534325  223.967898   21.946586  -18.094260 
   8.240000  280.753791  223.786956   21.924640  -18.176166 
   8.250000  280.973037  223.605194   21.902715  -18.257990 
   8.260000  281.192065  223.422614   21.880812  -18.339732 
   8.270000  281.410873  223.239217   21.858932  -18.421392 
   8.280000  281.629462  223.055003   21.837073  -18.502971 
   8.290000  281.847833  222.869973   21.815236  -18.584468 
   8.300000  282.065985  222.684129   21.793420  -18.665883 
   8.310000  282.283919  222.497470   21.771627  -18.747218 
   8.320000  282.501636  222.309998   21.749855  -18.828470 
   8.330000  282.719134  222.121713   21.728105  -18.909642 
   8.340000  282.936415  221.932617   21.706377  -18.990732 
   8.350000  283.153479  221.742709   21.684671  -19.071741 
   8.360000  283.370326  221.551992   21.662986  -19.152670 
   8.370000  283.586955  221.360465   21.641323  -19.233517 
   8.380000  283.803369  221.168130   21.619682  -19.314284 
   8.390000  284.019566  220.974987   21.598062  -19.394969 
   8.400000  284.235546  220.781037   21.576464  -19.475574 
   8.410000  284.451311  220.586282   21.554888  -19.556099 
   8.420000  284.666860  220.390721   21.533333  -19.636543 
   8.430000  284.882193  220.194355   21.511800  -19.716906 
   8.440000  285.097311  219.997186   21.490288  -19.797189 
   8.450000  285.312214  219.799214   21.468797  -19.877392 
   8.460000  285.526902  219.600440   21.447329  -19.957515 
   8.470000  285.741375  219.400865   21.425881  -20.037557 
   8.480000  285.955634  219.200490   21.404455  -20.117519 
   8.490000  286.169679  218.999314   21.383051  -20.197402 
   8.500000  286.383509  218.797340   21.361668  -20.277205 
   8.510000  286.597126  218.594568   21.340306  -20.356927 
   8.520000  286.810529  218.390999   21.318966  -20.436570 
   8.530000  287.023718  218.186633   21.297647  -20.516134 
   8.540000  287.236695  217.981472   21.276349  -20.595618 
   8.550000  287.449458  217.775516   21.255073  -20.675022 
   8.560000  287.662009  217.568766   21.233818  -20.754347 
   8.570000  287.874347  217.361222   21.212584  -20.833593 
   8.580000  288.086473  217.152886   21.191372  -20.912759 
   8.590000  288.298387  216.943759   21.170180  -20.991846 
   8.600000  288.510089  216.733840   21.149010  -21.070855 
   8.610000  288.721579  216.523132   21.127861  -21.149784 
   8.620000  288.932857  216.311634   21.106733  -21.228634 
   8.630000  289.143925  216.099348   21.085626  -21.307405 
   8.640000  289.354781  215.886273   21.064541  -21.386098 
   8.650000  289.565426  215.672413   21.043476  -21.464712 
   8.660000  289.775861  215.457765   21.022433  -21.543247 
   8.670000  289.986085  215.242333   21.001410  -21.621704 
   8.680000  290.196100  215.026116   20.980409  -21.700082 
   8.690000  290.405904  214.809115   20.959429  -21.778382 
   8.700000  290.615498  214.591331   20.938469  -21.856604 
   8.710000  290.824883  214.372765   20.917531  -21.934747 
   8.720000  291.034058  214.153418   20.896613  -22.012812 
   8.730000  291.243024  213.933290   20.875716  -22.090799 
   8.740000  291.451781  213.712382   20.854841  -22.168709 
   8.750000  291.660330  213.490695   20.833986  -22.246540 
   8.760000  291.868670  213.268229   20.813152  -22.324293 
   8.770000  292.076801  213.044986   20.792339  -22.401969 
   8.780000  292.284724  212.820967   20.771546  -22.479567 
   8.790000  292.492440  212.596171   20.750775  -22.557088 
   8.800000  292.699948  212.370600   20.730024  -22.634531 
   8.810000  292.907248  212.144255   20.709294  -22.711896 
   8.820000  293.114341  211.917136   20.688585  -22.789184 
   8.830000  293.321227  211.689244   20.667896  -22.866395 
   8.840000  293.527906  211.460580   20.647228  -22.943529 
   8.850000  293.734378  211.231145   20.626581  -23.020585 
   8.860000  293.940644  211.000939   20.605954  -23.097564 
   8.870000  294.146703  210.769963   20.585349  -23.174467 
   8.880000  294.352557  210.538218   20.564763  -23.251292 
   8.890000  294.558204  210.305706   20.544198  -23.328041 
   8.900000  294.763646  210.072425   20.523654  -23.404713 
   8.910000  294.968883  209.838378   20.503131  -23.481308 
   8.920000  295.173914  209.603565   20.482627  -23.557827 
   8.930000  295.378740  209.367987   20.462145  -23.634269 
   8.940000  295.583362  209.131644   20.441683  -23.710635 
   8.950000  295.787779  208.894538   20.421241  -23.786924 
   8.960000  295.991991  208.656668   20.400820  -23.863137 
   8.970000  296.195999  208.418037   20.380419  -23.939274 
   8.980000  296.399804  208.178644   20.360039  -24.015335 
   8.990000  296.603404  207.938491   20.339678  -24.091320 
   9.000000  296.806801  207.697578   20.319339  -24.167228 
   9.010000  297.009994  207.455905   20.299019  -24.243061 
   9.020000  297.212984  207.213475   20.278720  -24.318818 
   9.030000  297.415772  206.970287   20.258442  -24.394499 
   9.040000  297.618356  206.726342   20.238183  -24.470105 
   9.050000  297.820738  206.481641   20.217945  -24.545635 
   9.060000  298.022917  206.236184   20.197727  -24.621089 
   9.070000  298.224894  205.989973   20.177529  -24.696468 
   9.080000  298.426670  205.743009   20.157352  -24.771771 
   9.090000  298.628243  205.495291   20.137195  -24.847000 
   9.100000  298.829615  205.246821   20.117057  -24.922153 
   9.110000  299.030786  204.997599   20.096940  -24.997230 
   9.120000  299.231755  204.747627   20.076843  -25.072233 
   9.130000  299.432524  204.496905   20.056767  -25.147161 
   9.140000  299.633091  204.245433   20.036710  -25.222014 
   9.150000  299.833458  203.993213   20.016673  -25.296792 
   9.160000  300.033625  203.740245   19.996656  -25.371495 
   9.170000  300.233592  203.486530   19.976660  -25.446124 
   9.180000  300.433358  203.232069   19.956683  -25.520677 
   9.190000  300.632925  202.976862   19.936726  -25.595157 
   9.200000  300.832292  202.720911   19.916790  -25.669562 
   9.210000  301.031460  202.464215   19.896873  -25.743892 
   9.220000  301.230429  202.206776   19.876976  -25.818148 
   9.230000  301.429199  201.948595   19.857099  -25.892330 
   9.240000  301.627770  201.689671   19.837242  -25.966438 
   9.250000  301.826142  201.430007   19.817405  -26.040471 
   9.260000  302.024316  201.169602   19.797587  -26.114431 
   9.270000  302.222292  200.908458   19.777790  -26.188316 
   9.280000  302.420070  200.646575   19.758012  -26.262128 
   9.290000  302.617650  200.383953   19.738254  -26.335866 
   9.300000  302.815033  200.120595   19.718516  -26.409530 
   9.310000  303.012218  199.856499   19.698797  -26.483120 
   9.320000  303.209206  199.591668   19.679098  -26.556637 
   9.330000  303.405997  199.326102   19.659419  -26.630081 
   9.340000  303.602591  199.059801   19.639760  -26.703451 
   9.350000  303.798989  198.792767   19.620120  -26.776747 
   9.360000  303.995190  198.524999   19.600500  -26.849970 
   9.370000  304.191195  198.256499   19.580899  -26.923120 
   9.380000  304.387004  197.987268   19.561318  -26.996197 
   9.390000  304.582617  197.717306   19.541757  -27.069201 
   9.400000  304.778035  197.446614   19.522215  -27.142132 
   9.410000  304.973257  197.175193   19.502693  -27.214990 
   9.420000  305.168284  196.903043   19.483191  -27.287775 
   9.430000  305.363116  196.630165   19.463707  -27.360487 
   9.440000  305.557753  196.356560   19.444244  -27.433127 
   9.450000  305.752195  196.082229   19.424799  -27.505693 
   9.460000  305.946443  195.807172   19.405375  -27.578188 
   9.470000  306.140497  195.531390   19.385969  -27.650610 
   9.480000  306.334356  195.254884   19.366583  -27.722959 
   9.490000  306.528022  194.977655   19.347217  -27.795236 
   9.500000  306.721494  194.699702   19.327869  -27.867441 
   9.510000  306.914773  194.421028   19.308542  -27.939573 
   9.520000  307.107859  194.141632   19.289233  -28.011634 
   9.530000  307.300751  193.861516   19.269944  -28.083622 
   9.540000  307.493450  193.580680   19.250674  -28.155538 
   9.550000  307.685957  193.299124   19.231423  -28.227383 
   9.560000  307.878271  193.016850   19.212192  -28.299156 
   9.570000  308.070393  192.733859   19.192980  -28.370856 
   9.580000  308.262323  192.450150   19.173787  -28.442486 
   9.590000  308.454061  192.165725   19.154613  -28.514043 
   9.600000  308.645607  191.880585   19.135458  -28.585529 
   9.610000  308.836962  191.594730   19.116323  -28.656943 
   9.620000  309.028125  191.308160   19.097206  -28.728287 
   9.630000  309.219097  191.020877   19.078109  -28.799558 
   9.640000  309.409878  190.732882   19.059031  -28.870759 
   9.650000  309.600468  190.444174   19.039972  -28.941888 
   9.660000  309.790868  190.154755   19.020932  -29.012946 
   9.670000  309.981077  189.864626   19.001911  -29.083933 
   9.680000  310.171096  189.573787   18.982909  -29.154849 
   9.690000  310.360926  189.282238   18.963926  -29.225694 
   9.700000  310.550565  188.989981   18.944962  -29.296469 
   9.710000  310.740014  188.697016   18.926017  -29.367172 
   9.720000  310.929275  188.403345   18.907091  -29.437805 
   9.730000  311.118345  188.108967   18.888184  -29.508367 
   9.740000  311.307227  187.813883   18.869296  -29.578859 
   9.750000  311.495920  187.518094   18.850427  -29.649280 
   9.760000  311.684425  187.221602   18.831576  -29.719631 
   9.770000  311.872740  186.924405   18.812745  -29.789911 
   9.780000  312.060868  186.626506   18.793932  -29.860121 
   9.790000  312.248807  186.327905   18.775138  -29.930261 
   9.800000  312.436558  186.028602   18.756363  -30.000331 
   9.810000  312.624122  185.728599   18.737607  -30.070330 
   9.820000  312.811498  185.427896   18.718869  -30.140260 
   9.830000  312.998687  185.126493   18.700150  -30.210120 
   9.840000  313.185688  184.824392   18.681450  -30.279910 
   9.850000  313.372503  184.521593   18.662769  -30.349630 
   9.860000  313.559131  184.218097   18.644106  -30.419280 
   9.870000  313.745572  183.913904   18.625462  -30.488861 
   9.880000  313.931826  183.609015   18.606836  -30.558372 
   9.890000  314.117895  183.303431   18.588229  -30.627814 
   9.900000  314.303777  182.997153   18.569641  -30.697186 
   9.910000  314.489473  182.690181   18.551072  -30.766489 
   9.920000  314.674984  182.382517   18.532520  -30.835722 
   9.930000  314.860309  182.074159   18.513988  -30.904886 
   9.940000  315.045449  181.765110   18.495474  -30.973982 
   9.950000  315.230404  181.455371   18.476978  -31.043008 
   9.960000  315.415174  181.144941   18.458502  -31.111965 
   9.970000  315.599759  180.833821   18.440043  -31.180853 
   9.980000  315.784159  180.522012   18.421603  -31.249672 
   9.990000  315.968375  180.209516   18.403181  -31.318422 
  10.000000  316.152407  179.896331   18.384778  -31.387104 
  10.010000  316.336255  179.582460   18.366393  -31.455717 
  10.020000  316.519919  179.267903   18.348027  -31.524261 
  10.030000  316.703399  178.952661   18.329679  -31.592737 
  10.040000  316.886696  178.636733   18.311349  -31.661144 
  10.050000  317.069809  178.320122   18.293038  -31.729483 
  10.060000  317.252740  178.002827   18.274745  -31.797753 
  10.070000  317.435487  177.684849   18.256470  -31.865955 
  10.080000  317.618052  177.366190   18.238214  -31.934090 
  10.090000  317.800434  177.046849   18.219975  -32.002155 
  10.100000  317.982634  176.726827   18.201756  -32.070153 
  10.110000  318.164651  176.406126   18.183554  -32.138083 
  10.120000  318.346487  176.084745   18.165370  -32.205945 
  10.130000  318.528140  175.762686   18.147205  -32.273739 
  10.140000  318.709612  175.439948   18.129058  -32.341465 
  10.150000  318.890903  175.116534   18.110929  -32.409124 
  10.160000  319.072012  174.792442   18.092818  -32.476715 
  10.170000  319.252940  174.467675   18.074725  -32.544238 
  10.180000  319.433688  174.142233   18.056650  -32.611694 
  10.190000  319.614254  173.816116   18.038593  -32.679082 
  10.200000  319.794640  173.489325   18.020555  -32.746403 
  10.210000  319.974846  173.161861   18.002534  -32.813657 
  10.220000  320.154871  172.833724   17.984532  -32.880843 
  10.230000  320.334716  172.504916   17.966547  -32.947962 
  10.240000  320.514382  172.175436   17.948581  -33.015014 
  10.250000  320.693868  171.845286   17.930632  -33.081999 
  10.260000  320.873174  171.514466   17.912701  -33.148917 
  10.270000  321.052301  171.182977   17.894789  -33.215768 
  10.280000  321.231249  170.850819   17.876894  -33.282552 
  10.290000  321.410018  170.517994   17.859017  -33.349270 
  10.300000  321.588608  170.184501   17.841158  -33.415921 
  10.310000  321.767020  169.850342   17.823317  -33.482505 
  10.320000  321.945253  169.515517   17.805494  -33.549022 
  10.330000  322.123308  169.180027   17.787688  -33.615473 
  10.340000  322.301185  168.843872   17.769900  -33.681858 
  10.350000  322.478884  168.507053   17.752131  -33.748176 
  10.360000  322.656405  168.169572   17.734378  -33.814428 
  10.370000  322.833749  167.831427   17.716644  -33.880613 
  10.380000  323.010915  167.492621   17.698927  -33.946733 
  10.390000  323.187904  167.153154   17.681228  -34.012786 
  10.400000  323.364717  166.813026   17.663547  -34.078773 
  10.410000  323.541352  166.472238   17.645884  -34.144694 
  10.420000  323.717811  166.130791   17.628238  -34.210550 
  10.430000  323.894093  165.788686   17.610610  -34.276339 
  10.440000  324.070199  165.445923   17.592999  -34.342063 
  10.450000  324.246129  165.102502   17.575406  -34.407721 
  10.460000  324.421883  164.758425   17.557831  -34.473313 
  10.470000  324.597462  164.413692   17.540273  -34.538840 
  10.480000  324.772865  164.068303   17.522732  -34.604301 
  10.490000  324.948092  163.722260   17.505210  -34.669697 
  10.500000  325.123144  163.375563   17.487704  -34.735027 
  10.510000  325.298021  163.028213   17.470217  -34.800292 
  10.520000  325.472723  162.680210   17.452747  -34.865492 
  10.530000  325.647251  162.331555   17.435294  -34.930626 
  10.540000  325.821604  161.982249   17.417859  -34.995695 
  10.550000  325.995782  161.632292   17.400441  -35.060700 
  10.560000  326.169787  161.281685   17.383040  -35.125639 
  10.570000  326.343617  160.930428   17.365657  -35.190513 
  10.580000  326.517274  160.578523   17.348292  -35.255323 
  10.590000  326.690756  160.225970   17.330943  -35.320068 
  10.600000  326.864066  159.872769   17.313612  -35.384747 
  10.610000  327.037202  159.518922   17.296299  -35.449363 
  10.620000  327.210165  159.164428   17.279002  -35.513913 
  10.630000  327.382955  158.809289   17.261723  -35.578399 
  10.640000  327.555572  158.453505   17.244462  -35.642821 
  10.650000  327.728017  158.097077   17.227217  -35.707178 
  10.660000  327.900289  157.740005   17.209990  -35.771471 
  10.670000  328.072389  157.382291   17.192780  -35.835700 
  10.680000  328.244317  157.023934   17.175587  -35.899864 
  10.690000  328.416073  156.664935   17.158412  -35.963964 
  10.700000  328.587657  156.305295   17.141253  -36.028000 
  10.710000  328.759069  155.945015   17.124112  -36.091972 
  10.720000  328.930310  155.584096   17.106988  -36.155880 
  10.730000  329.101380  155.222537   17.089881  -36.219724 
  10.740000  329.272279  154.860339   17.072791  -36.283504 
  10.750000  329.443007  154.497504   17.055718  -36.347221 
  10.760000  329.613564  154.134032   17.038662  -36.410874 
  10.770000  329.783951  153.769923   17.021624  -36.474463 
  10.780000  329.954167  153.405179   17.004602  -36.537988 
  10.790000  330.124213  153.039799   16.987598  -36.601450 
  10.800000  330.294089  152.673784   16.970610  -36.664849 
  10.810000  330.463795  152.307136   16.953639  -36.728184 
  10.820000  330.633331  151.939854   16.936686  -36.791456 
  10.830000  330.802698  151.571940   16.919749  -36.854664 
  10.840000  330.971896  151.203393   16.902829  -36.917810 
  10.850000  331.140924  150.834215   16.885926  -36.980892 
  10.860000  331.309783  150.464406   16.869041  -37.043911 
  10.870000  331.478474  150.093967   16.852171  -37.106867 
  10.880000  331.646996  149.722898   16.835319  -37.169760 
  10.890000  331.815349  149.351201   16.818484  -37.232591 
  10.900000  331.983534  148.978875   16.801666  -37.295358 
  10.910000  332.151550  148.605921   16.784864  -37.358063 
  10.920000  332.319399  148.232340   16.768079  -37.420705 
  10.930000  332.487080  147.858133   16.751311  -37.483284 
  10.940000  332.654593  147.483301   16.734560  -37.545801 
  10.950000  332.821938  147.107843   16.717825  -37.608255 
  10.960000  332.989117  146.731760   16.701107  -37.670647 
  10.970000  333.156128  146.355054   16.684406  -37.732976 
  10.980000  333.322972  145.977724   16.667722  -37.795243 
  10.990000  333.489649  145.599771   16.651054  -37.857448 
  11.000000  333.656159  145.221197   16.634403  -37.919590 
  11.010000  333.822504  144.842001   16.617769  -37.981671 
  11.020000  333.988681  144.462184   16.601151  -38.043689 
  11.030000  334.154693  144.081747   16.584550  -38.105645 
  11.040000  334.320538  143.700691   16.567965  -38.167540 
  11.050000  334.486218  143.319015   16.551397  -38.229372 
  11.060000  334.651732  142.936722   16.534846  -38.291143 
  11.070000  334.817080  142.553810   16.518311  -38.352852 
  11.080000  334.982263  142.170282   16.501793  -38.414499 
  11.090000  335.147281  141.786137   16.485291  -38.476084 
  11.100000  335.312134  141.401376   16.468805  -38.537608 
  11.110000  335.476822  141.016000   16.452337  -38.599071 
  11.120000  335.641346  140.630009   16.435884  -38.660471 
  11.130000  335.805704  140.243405   16.419448  -38.721811 
  11.140000  335.969899  139.856186   16.403029  -38.783089 
  11.150000  336.133929  139.468355   16.386626  -38.844306 
  11.160000  336.297796  139.079912   16.370239  -38.905462 
  11.170000  336.461498  138.690858   16.353869  -38.966556 
  11.180000  336.625037  138.301192   16.337515  -39.027590 
  11.190000  336.788412  137.910916   16.321178  -39.088562 
  11.200000  336.951624  137.520031   16.304857  -39.149474 
  11.210000  337.114672  137.128536   16.288552  -39.210324 
  11.220000  337.277558  136.736433   16.272263  -39.271114 
  11.230000  337.440280  136.343722   16.255991  -39.331843 
  11.240000  337.602840  135.950403   16.239735  -39.392511 
  11.250000  337.765237  135.556478   16.223495  -39.453118 
  11.260000  337.927472  135.161947   16.207272  -39.513665 
  11.270000  338.089545  134.766810   16.191064  -39.574152 
  11.280000  338.251456  134.371069   16.174873  -39.634577 
  11.290000  338.413205  133.974723   16.158698  -39.694943 
  11.300000  338.574792  133.577774   16.142540  -39.755248 
  11.310000  338.736217  133.180221   16.126397  -39.815493 
  11.320000  338.897481  132.782066   16.110271  -39.875677 
  11.330000  339.058584  132.383309   16.094161  -39.935801 
  11.340000  339.219525  131.983951   16.078066  -39.995866 
  11.350000  339.380306  131.583993   16.061988  -40.055870 
  11.360000  339.540926  131.183434   16.045926  -40.115814 
  11.370000  339.701385  130.782276   16.029880  -40.175698 
  11.380000  339.861684  130.380519   16.013850  -40.235522 
  11.390000  340.021822  129.978164   15.997837  -40.295287 
  11.400000  340.181801  129.575211   15.981839  -40.354992 
  11.410000  340.341619  129.171661   15.965857  -40.414637 
  11.420000  340.501278  128.767514   15.949891  -40.474222 
  11.430000  340.660777  128.362772   15.933941  -40.533748 
  11.440000  340.820116  127.957435   15.918007  -40.593214 
  11.450000  340.979296  127.551503   15.902089  -40.652621 
  11.460000  341.138317  127.144976   15.886187  -40.711968 
  11.470000  341.297179  126.737857   15.870301  -40.771256 
  11.480000  341.455882  126.330144   15.854431  -40.830485 
  11.490000  341.614426  125.921839   15.838576  -40.889654 
  11.500000  341.772812  125.512943   15.822738  -40.948765 
  11.510000  341.931039  125.103455   15.806915  -41.007816 
  11.520000  342.089108  124.693377   15.791108  -41.066808 
  11.530000  342.247019  124.282709   15.775317  -41.125741 
  11.540000  342.404773  123.871452   15.759542  -41.184616 
  11.550000  342.562368  123.459605   15.743782  -41.243431 
  11.560000  342.719806  123.047171   15.728038  -41.302188 
  11.570000  342.877086  122.634149   15.712310  -41.360885 
  11.580000  343.034209  122.220540   15.696598  -41.419525 
  11.590000  343.191175  121.806345   15.680901  -41.478105 
  11.600000  343.347984  121.391564   15.665220  -41.536627 
  11.610000  343.504637  120.976198   15.649555  -41.595090 
  11.620000  343.661132  120.560247   15.633906  -41.653495 
  11.630000  343.817471  120.143712   15.618272  -41.711842 
  11.640000  343.973654  119.726593   15.602653  -41.770130 
  11.650000  344.129680  119.308892   15.587051  -41.828360 
  11.660000  344.285551  118.890609   15.571464  -41.886531 
  11.670000  344.441266  118.471743   15.555892  -41.944645 
  11.680000  344.596825  118.052297   15.540336  -42.002700 
  11.690000  344.752228  117.632270   15.524796  -42.060697 
  11.700000  344.907476  117.211663   15.509271  -42.118637 
  11.710000  345.062569  116.790476   15.493762  -42.176518 
  11.720000  345.217506  116.368711   15.478268  -42.234342 
  11.730000  345.372289  115.946368   15.462790  -42.292107 
  11.740000  345.526917  115.523447   15.447327  -42.349815 
  11.750000  345.681390  115.099949   15.431880  -42.407465 
  11.760000  345.835709  114.675874   15.416448  -42.465058 
  11.770000  345.989873  114.251223   15.401032  -42.522593 
  11.780000  346.143884  113.825997   15.385631  -42.580070 
  11.790000  346.297740  113.400197   15.370245  -42.637490 
  11.800000  346.451442  112.973822   15.354875  -42.694853 
  11.810000  346.604991  112.546873   15.339520  -42.752158 
  11.820000  346.758386  112.119352   15.324180  -42.809406 
  11.830000  346.911628  111.691258   15.308856  -42.866596 
  11.840000  347.064717  111.262592   15.293547  -42.923730 
  11.850000  347.217652  110.833354   15.278254  -42.980806 
  11.860000  347.370435  110.403546   15.262975  -43.037825 
  11.870000  347.523064  109.973168   15.247712  -43.094787 
  11.880000  347.675542  109.542220   15.232465  -43.151693 
  11.890000  347.827866  109.110703   15.217232  -43.208541 
  11.900000  347.980039  108.678618   15.202015  -43.265332 
  11.910000  348.132059  108.245965   15.186813  -43.322067 
  11.920000  348.283927  107.812744   15.171626  -43.378745 
  11.930000  348.435643  107.378957   15.156455  -43.435366 
  11.940000  348.587208  106.944603   15.141298  -43.491931 
  11.950000  348.738621  106.509684   15.126157  -43.548439 
  11.960000  348.889882  106.074199   15.111031  -43.604890 
  11.970000  349.040992  105.638150   15.095920  -43.661286 
  11.980000  349.191952  105.201537   15.080824  -43.717624 
  11.990000  349.342760  104.764361   15.065743  -43.773907 
  12.000000  349.493417  104.326622   15.050677  -43.830133 
  12.010000  349.643924  103.888321   15.035626  -43.886303 
  12.020000  349.794280  103.449458   15.020591  -43.942416 
  12.030000  349.944486  103.010034   15.005570  -43.998474 
  12.040000  350.094542  102.570049   14.990565  -44.054475 
  12.050000  350.244448  102.129504   14.975574  -44.110421 
  12.060000  350.394203  101.688400   14.960599  -44.166311 
  12.070000  350.543809  101.246737   14.945638  -44.222144 
  12.080000  350.693266  100.804515   14.930692  -44.277922 
  12.090000  350.842573  100.361736   14.915762  -44.333644 
  12.100000  350.991730   99.918400   14.900846  -44.389310 
  12.110000  351.140739   99.474507   14.885945  -44.444921 
  12.120000  351.289598   99.030057   14.871059  -44.500476 
  12.130000  351.438309   98.585053   14.856188  -44.555976 
  12.140000  351.586871   98.139493   14.841332  -44.611420 
  12.150000  351.735284   97.693379   14.826490  -44.666808 
  12.160000  351.883549   97.246711   14.811664  -44.722142 
  12.170000  352.031666   96.799489   14.796852  -44.777419 
  12.180000  352.179634   96.351715   14.782055  -44.832642 
  12.190000  352.327455   95.903388   14.767273  -44.887809 
  12.200000  352.475127   95.454510   14.752506  -44.942922 
  12.210000  352.622652   95.005081   14.737754  -44.997979 
  12.220000  352.770030   94.555101   14.723016  -45.052981 
  12.230000  352.917260   94.104572   14.708293  -45.107928 
  12.240000  353.064343   93.653492   14.693585  -45.162820 
  12.250000  353.211279   93.201864   14.678891  -45.217657 
  12.260000  353.358068   92.749688   14.664212  -45.272439 
  12.270000  353.504710   92.296963   14.649548  -45.327167 
  12.280000  353.651205   91.843691   14.634898  -45.381840 
  12.290000  353.797554   91.389873   14.620263  -45.436458 
  12.300000  353.943757   90.935509   14.605643  -45.491021 
  12.310000  354.089813   90.480598   14.591038  -45.545530 
  12.320000  354.235724   90.025143   14.576446  -45.599985 
  12.330000  354.381488   89.569143   14.561870  -45.654385 
  12.340000  354.527107   89.112599   14.547308  -45.708730 
  12.350000  354.672580   88.655512   14.532761  -45.763022 
  12.360000  354.817908   88.197882   14.518228  -45.817259 
  12.370000  354.963090   87.739709   14.503710  -45.871441 
  12.380000  355.108127   87.280995   14.489206  -45.925570 
  12.390000  355.253019   86.821739   14.474717  -45.979644 
  12.400000  355.397766   86.361943   14.460242  -46.033665 
  12.410000  355.542369   85.901606   14.445782  -46.087631 
  12.420000  355.686826   85.440730   14.431336  -46.141543 
  12.430000  355.831140   84.979314   14.416905  -46.195402 
  12.440000  355.975309   84.517360   14.402488  -46.249207 
  12.450000  356.119334   84.054868   14.388085  -46.302957 
  12.460000  356.263215   83.591839   14.373697  -46.356654 
  12.470000  356.406952   83.128272   14.359324  -46.410298 
  12.480000  356.550545   82.664169   14.344964  -46.463887 
  12.490000  356.693995   82.199530   14.330619  -46.517424 
  12.500000  356.837301   81.734356   14.316289  -46.570906 
  12.510000  356.980464   81.268647   14.301973  -46.624335 
  12.520000  357.123483   80.802404   14.287671  -46.677711 
  12.530000  357.266360   80.335626   14.273383  -46.731033 
  12.540000  357.409094   79.868316   14.259109  -46.784302 
  12.550000  357.551685   79.400473   14.244850  -46.837518 
  12.560000  357.694133   78.932098   14.230606  -46.890680 
  12.570000  357.836439   78.463191   14.216375  -46.943790 
  12.580000  357.978603   77.993753   14.202159  -46.996846 
  12.590000  358.120625   77.523785   14.187956  -47.049849 
  12.600000  358.262504   77.053286   14.173768  -47.102799 
  12.610000  358.404242   76.582258   14.159595  -47.155696 
  12.620000  358.545838   76.110701   14.145435  -47.208541 
  12.630000  358.687292   75.638616   14.131290  -47.261332 
  12.640000  358.828605   75.166003   14.117158  -47.314071 
  12.650000  358.969777   74.692862   14.103041  -47.366757 
  12.660000  359.110807   74.219194   14.088938  -47.419390 
  12.670000  359.251697   73.745000   14.074849  -47.471971 
  12.680000  359.392445   73.270281   14.060774  -47.524499 
  12.690000  359.533053   72.795036   14.046714  -47.576974 
  12.700000  359.673520   72.319266   14.032667  -47.629397 
  12.710000  359.813847   71.842972   14.018634  -47.681768 
  12.720000  359.954033   71.366154   14.004616  -47.734086 
  12.730000  360.094079   70.888813   13.990611  -47.786352 
  12.740000  360.233985   70.410950   13.976620  -47.838566 
  12.750000  360.373751   69.932564   13.962644  -47.890727 
  12.760000  360.513378   69.453657   13.948681  -47.942836 
  12.770000  360.652865   68.974229   13.934732  -47.994893 
  12.780000  360.792212   68.494280   13.920798  -48.046898 
  12.790000  360.931420   68.013811   13.906877  -48.098852 
  12.800000  361.070489   67.532822   13.892970  -48.150753 
  12.810000  361.209419   67.051315   13.879077  -48.202602 
  12.820000  361.348209   66.569289   13.865198  -48.254399 
  12.830000  361.486861   66.086745   13.851333  -48.306145 
  12.840000  361.625375   65.603683   13.837481  -48.357839 
  12.850000  361.763749   65.120105   13.823644  -48.409481 
  12.860000  361.901986   64.636010   13.809820  -48.461072 
  12.870000  362.040084   64.151399   13.796010  -48.512610 
  12.880000  362.178044   63.666273   13.782214  -48.564098 
  12.890000  362.315866   63.180632   13.768432  -48.615534 
  12.900000  362.453551   62.694477   13.754664  -48.666918 
  12.910000  362.591097   62.207808   13.740909  -48.718251 
  12.920000  362.728506   61.720625   13.727168  -48.769533 
  12.930000  362.865778   61.232930   13.713441  -48.820764 
  12.940000  363.002912   60.744722   13.699728  -48.871943 
  12.950000  363.139910   60.256003   13.686028  -48.923071 
  12.960000  363.276770   59.766772   13.672342  -48.974148 
  12.970000  363.413493   59.277031   13.658670  -49.025174 
  12.980000  363.550080   58.786779   13.645011  -49.076148 
  12.990000  363.686530   58.296017   13.631366  -49.127072 
  13.000000  363.822844   57.804747   13.617734  -49.177945 
  13.010000  363.959021   57.312967   13.604117  -49.228767 
  13.020000  364.095062   56.820680   13.590513  -49.279538 
  13.030000  364.230968   56.327884   13.576922  -49.330259 
  13.040000  364.366737   55.834582   13.563345  -49.380929 
  13.050000  364.502370   55.340772   13.549782  -49.431548 
  13.060000  364.637868   54.846457   13.536232  -49.482116 
  13.070000  364.773230   54.351636   13.522696  -49.532634 
  13.080000  364.908457   53.856309   13.509173  -49.583101 
  13.090000  365.043549   53.360478   13.495664  -49.633518 
  13.100000  365.178506   52.864143   13.482168  -49.683885 
  13.110000  365.313327   52.367304   13.468686  -49.734201 
  13.120000  365.448014   51.869962   13.455217  -49.784467 
  13.130000  365.582566   51.372118   13.441762  -49.834682 
  13.140000  365.716984   50.873771   13.428320  -49.884848 
  13.150000  365.851267   50.374922   13.414892  -49.934963 
  13.160000  365.985416   49.875573   13.401477  -49.985028 
  13.170000  366.119431   49.375722   13.388076  -50.035043 
  13.180000  366.253312   48.875372   13.374688  -50.085008 
  13.190000  366.387059   48.374522   13.361313  -50.134923 
  13.200000  366.520672   47.873173   13.347952  -50.184788 
  13.210000  366.654151   47.371325   13.334604  -50.234603 
  13.220000  366.787497   46.868979   13.321269  -50.284368 
  13.230000  366.920710   46.366135   13.307948  -50.334084 
  13.240000  367.053789   45.862794   13.294640  -50.383750 
  13.250000  367.186736   45.358957   13.281345  -50.433366 
  13.260000  367.319549   44.854623   13.268064  -50.482933 
  13.270000  367.452230   44.349794   13.254796  -50.532450 
  13.280000  367.584778   43.844469   13.241541  -50.581917 
  13.290000  367.717193   43.338650   13.228300  -50.631336 
  13.300000  367.849476   42.832337   13.215071  -50.680704 
  13.310000  367.981627   42.325530   13.201856  -50.730023 
  13.320000  368.113646   41.818229   13.188654  -50.779293 
  13.330000  368.245532   41.310436   13.175466  -50.828514 
  13.340000  368.377287   40.802151   13.162290  -50.877686 
  13.350000  368.508910   40.293374   13.149128  -50.926808 
  13.360000  368.640401   39.784106   13.135979  -50.975881 
  13.370000  368.771761   39.274348   13.122843  -51.024905 
  13.380000  368.902989   38.764099   13.109720  -51.073880 
  13.390000  369.034086   38.253360   13.096610  -51.122806 
  13.400000  369.165052   37.742132   13.083514  -51.171684 
  13.410000  369.295888   37.230415   13.070430  -51.220512 
  13.420000  369.426592   36.718210   13.057360  -51.269291 
  13.430000  369.557165   36.205517   13.044302  -51.318022 
  13.440000  369.687608   35.692337   13.031258  -51.366704 
  13.450000  369.817921   35.178670   13.018227  -51.415337 
  13.460000  369.948103   34.664516   13.005209  -51.463922 
  13.470000  370.078155   34.149877   12.992203  -51.512458 
  13.480000  370.208077   33.634752   12.979211  -51.560946 
  13.490000  370.337870   33.119143   12.966232  -51.609385 
  13.500000  370.467532   32.603049   12.953266  -51.657775 
  13.510000  370.597065   32.086471   12.940312  -51.706118 
  13.520000  370.726468   31.569410   12.927372  -51.754412 
  13.530000  370.855741   31.051866   12.914445  -51.802657 
  13.540000  370.984886   30.533839   12.901530  -51.850854 
  13.550000  371.113901   30.015331   12.888629  -51.899004 
  13.560000  371.242787   29.496341   12.875740  -51.947105 
  13.570000  371.371545   28.976870   12.862864  -51.995157 
  13.580000  371.500173   28.456918   12.850002  -52.043162 
  13.590000  371.628673   27.936487   12.837152  -52.091119 
  13.600000  371.757045   27.415575   12.824314  -52.139028 
  13.610000  371.885288   26.894185   12.811490  -52.186889 
  13.620000  372.013403   26.372316   12.798679  -52.234702 
  13.630000  372.141390   25.849969   12.785880  -52.282467 
  13.640000  372.269249   25.327145   12.773094  -52.330185 
  13.650000  372.396980   24.803843   12.760321  -52.377855 
  13.660000  372.524583   24.280064   12.747561  -52.425477 
  13.670000  372.652058   23.755809   12.734813  -52.473051 
  13.680000  372.779407   23.231079   12.722078  -52.520578 
  13.690000  372.906627   22.705873   12.709356  -52.568058 
  13.700000  373.033721   22.180193   12.696647  -52.615490 
  13.710000  373.160687   21.654038   12.683950  -52.662874 
  13.720000  373.287527   21.127409   12.671266  -52.710211 
  13.730000  373.414239   20.600307   12.658595  -52.757501 
  13.740000  373.540825   20.072732   12.645936  -52.804744 
  13.750000  373.667285   19.544684   12.633290  -52.851939 
  13.760000  373.793618   19.016165   12.620657  -52.899087 
  13.770000  373.919824   18.487174   12.608036  -52.946188 
  13.780000  374.045905   17.957712   12.595428  -52.993242 
  13.790000  374.171859   17.427780   12.582833  -53.040248 
  13.800000  374.297687   16.897377   12.570250  -53.087208 
  13.810000  374.423390   16.366505   12.557680  -53.134121 
  13.820000  374.548967   15.835164   12.545122  -53.180987 
  13.830000  374.674418   15.303354   12.532577  -53.227806 
  13.840000  374.799744   14.771076   12.520045  -53.274578 
  13.850000  374.924944   14.238330   12.507524  -53.321304 
  13.860000  375.050019   13.705117   12.495017  -53.367982 
  13.870000  375.174969   13.171437   12.482522  -53.414614 
  13.880000  375.299795   12.637291   12.470039  -53.461200 
  13.890000  375.424495   12.102679   12.457569  -53.507738 
  13.900000  375.549071   11.567602   12.445112  -53.554231 
  13.910000  375.673522   11.032060   12.432667  -53.600676 
  13.920000  375.797848   10.496053   12.420234  -53.647076 
  13.930000  375.922051    9.959582   12.407814  -53.693429 
  13.940000  376.046129    9.422648   12.395406  -53.739735 
  13.950000  376.170083    8.885250   12.383011  -53.785996 
  13.960000  376.293913    8.347390   12.370628  -53.832210 
  13.970000  376.417619    7.809068   12.358257  -53.878377 
  13.980000  376.541202    7.270285   12.345899  -53.924499 
  13.990000  376.664661    6.731040   12.333553  -53.970574 
  14.000000  376.787996    6.191334   12.321219  -54.016604 
  14.010000  376.911209    5.651168   12.308898  -54.062587 
  14.020000  377.034298    5.110542   12.296589  -54.108525 
  14.030000  377.157264    4.569457   12.284293  -54.154416 
  14.040000  377.280106    4.027913   12.272008  -54.200262 
  14.050000  377.402827    3.485910   12.259736  -54.246062 
  14.060000  377.525424    2.943449   12.247476  -54.291815 
  14.070000  377.647899    2.400531   12.235229  -54.337524 
  14.080000  377.770251    1.857156   12.222994  -54.383186 
  14.090000  377.892481    1.313324   12.210771  -54.428803 
  14.100000  378.014589    0.769036   12.198560  -54.474374 
  14.110000  378.136574    0.224292   12.186361  -54.519900 
