   0.000000    0.000000    0.000000   50.000019   86.602529 
   0.010000    0.500000    0.866025   49.700019   85.982914 
   0.020000    0.997000    1.725854   49.401819   85.367017 
   0.030000    1.491019    2.579525   49.105408   84.754815 
   0.040000    1.982073    3.427073   48.810775   84.146286 
   0.050000    2.470180    4.268536   48.517911   83.541408 
   0.060000    2.955359    5.103950   48.226803   82.940160 
   0.070000    3.437628    5.933351   47.937442   82.342519 
   0.080000    3.917002    6.756776   47.649818   81.748464 
   0.090000    4.393500    7.574261   47.363919   81.157973 
   0.100000    4.867139    8.385841   47.079735   80.571025 
   0.110000    5.337937    9.191551   46.797257   79.987599 
   0.120000    5.805909    9.991427   46.516473   79.407673 
   0.130000    6.271074   10.785504   46.237374   78.831227 
   0.140000    6.733448   11.573816   45.959950   78.258240 
   0.150000    7.193047   12.356398   45.684191   77.688690 
   0.160000    7.649889   13.133285   45.410085   77.122558 
   0.170000    8.103990   13.904511   45.137625   76.559823 
   0.180000    8.555366   14.670109   44.866799   76.000464 
   0.190000    9.004034   15.430114   44.597598   75.444461 
   0.200000    9.450010   16.184558   44.330013   74.891794 
   0.210000    9.893310   16.933476   44.064033   74.342444 
   0.220000   10.333951   17.676901   43.799648   73.796389 
   0.230000   10.771947   18.414865   43.536851   73.253611 
   0.240000   11.207316   19.147401   43.275629   72.714089 
   0.250000   11.640072   19.874542   43.015976   72.177804 
   0.260000   12.070232   20.596320   42.757880   71.644738 
   0.270000   12.497810   21.312767   42.501333   71.114869 
   0.280000   12.922824   22.023916   42.246325   70.588180 
   0.290000   13.345287   22.729798   41.992847   70.064651 
   0.300000   13.765216   23.430444   41.740890   69.544263 
   0.310000   14.182624   24.125887   41.490444   69.026997 
   0.320000   14.597529   24.816157   41.241502   68.512835 
   0.330000   15.009944   25.501285   40.994053   68.001758 
   0.340000   15.419884   26.181303   40.748088   67.493748 
   0.350000   15.827365   26.856240   40.503600   66.988785 
   0.360000   16.232401   27.526128   40.260578   66.486853 
   0.370000   16.635007   28.190997   40.019015   65.987932 
   0.380000   17.035197   28.850876   39.778901   65.492004 
   0.390000   17.432986   29.505796   39.540227   64.999052 
   0.400000   17.828388   30.155786   39.302986   64.509058 
   0.410000   18.221418   30.800877   39.067168   64.022003 
   0.420000   18.612090   31.441097   38.832765   63.537871 
   0.430000   19.000418   32.076476   38.599768   63.056644 
   0.440000   19.386415   32.707042   38.368170   62.578304 
   0.450000   19.770097   33.332825   38.137961   62.102834 
   0.460000   20.151477   33.953854   37.909133   61.630217 
   0.470000   20.530568   34.570156   37.681678   61.160436 
   0.480000   20.907385   35.181760   37.455588   60.693473 
   0.490000   21.281941   35.788695   37.230854   60.229313 
   0.500000   21.654249   36.390988   37.007469   59.767937 
   0.510000   22.024324   36.988667   36.785425   59.309329 
   0.520000   22.392178   37.581761   36.564712   58.853473 
   0.530000   22.757825   38.170295   36.345324   58.400352 
   0.540000   23.121278   38.754299   36.127252   57.949950 
   0.550000   23.482551   39.333798   35.910488   57.502250 
   0.560000   23.841656   39.908821   35.695025   57.057237 
   0.570000   24.198606   40.479393   35.480855   56.614894 
   0.580000   24.553415   41.045542   35.267970   56.175204 
   0.590000   24.906094   41.607294   35.056362   55.738153 
   0.600000   25.256658   42.164676   34.846024   55.303724 
   0.610000   25.605118   42.717713   34.636948   54.871902 
   0.620000   25.951488   43.266432   34.429126   54.442670 
   0.630000   26.295779   43.810859   34.222551   54.016014 
   0.640000   26.638005   44.351019   34.017216   53.591918 
   0.650000   26.978177   44.886938   33.813113   53.170367 
   0.660000   27.316308   45.418642   33.610234   52.751344 
   0.670000   27.652410   45.946155   33.408573   52.334836 
   0.680000   27.986496   46.469504   33.208121   51.920827 
   0.690000   28.318577   46.988712   33.008873   51.509302 
   0.700000   28.648666   47.503805   32.810819   51.100247 
   0.710000   28.976774   48.014807   32.613954   50.693645 
   0.720000   29.302914   48.521744   32.418271   50.289483 
   0.730000   29.627096   49.024639   32.223761   49.887746 
   0.740000   29.949334   49.523516   32.030419   49.488420 
   0.750000   30.269638   50.018400   31.838236   49.091489 
   0.760000   30.588020   50.509315   31.647207   48.696940 
   0.770000   30.904492   50.996285   31.457323   48.304759 
   0.780000   31.219066   51.479332   31.268579   47.914930 
   0.790000   31.531752   51.958481   31.080968   47.527441 
   0.800000   31.842561   52.433756   30.894482   47.142276 
   0.810000   32.151506   52.905179   30.709115   46.759422 
   0.820000   32.458597   53.372773   30.524861   46.378866 
   0.830000   32.763846   53.836561   30.341711   46.000593 
   0.840000   33.067263   54.296567   30.159661   45.624589 
   0.850000   33.368860   54.752813   29.978703   45.250842 
   0.860000   33.668647   55.205322   29.798831   44.879336 
   0.870000   33.966635   55.654115   29.620038   44.510060 
   0.880000   34.262835   56.099216   29.442318   44.143000 
   0.890000   34.557258   56.540646   29.265664   43.778142 
   0.900000   34.849915   56.978427   29.090070   43.415473 
   0.910000   35.140816   57.412582   28.915529   43.054980 
   0.920000   35.429971   57.843132   28.742036   42.696651 
   0.930000   35.717391   58.270098   28.569584   42.340471 
   0.940000   36.003087   58.693503   28.398167   41.986428 
   0.950000   36.287069   59.113367   28.227778   41.634509 
   0.960000   36.569347   59.529712   28.058411   41.284702 
   0.970000   36.849931   59.942559   27.890060   40.936994 
   0.980000   37.128831   60.351929   27.722720   40.591372 
   0.990000   37.406059   60.757843   27.556384   40.247824 
   1.000000   37.681622   61.160321   27.391045   39.906337 
   1.010000   37.955533   61.559384   27.226699   39.566899 
   1.020000   38.227800   61.955053   27.063339   39.229497 
   1.030000   38.498433   62.347348   26.900959   38.894120 
   1.040000   38.767443   62.736290   26.739553   38.560756 
   1.050000   39.034838   63.121897   26.579116   38.229391 
   1.060000   39.300630   63.504191   26.419641   37.900015 
   1.070000   39.564826   63.883191   26.261123   37.572615 
   1.080000   39.827437   64.258917   26.103557   37.247179 
   1.090000   40.088473   64.631389   25.946935   36.923696 
   1.100000   40.347942   65.000626   25.791254   36.602154 
   1.110000   40.605855   65.366648   25.636506   36.282541 
   1.120000   40.862220   65.729473   25.482687   35.964846 
   1.130000   41.117047   66.089122   25.329791   35.649057 
   1.140000   41.370344   66.445612   25.177812   35.335162 
   1.150000   41.622123   66.798964   25.026745   35.023151 
   1.160000   41.872390   67.149195   24.876585   34.713012 
   1.170000   42.121156   67.496325   24.727325   34.404734 
   1.180000   42.368429   67.840373   24.578961   34.098306 
   1.190000   42.614219   68.181356   24.431488   33.793716 
   1.200000   42.858534   68.519293   24.284899   33.490954 
   1.210000   43.101383   68.854202   24.139189   33.190008 
   1.220000   43.342775   69.186103   23.994354   32.890868 
   1.230000   43.582718   69.515011   23.850388   32.593523 
   1.240000   43.821222   69.840946   23.707286   32.297962 
   1.250000   44.058295   70.163926   23.565042   32.004174 
   1.260000   44.293945   70.483968   23.423652   31.712149 
   1.270000   44.528182   70.801089   23.283110   31.421876 
   1.280000   44.761013   71.115308   23.143411   31.133345 
   1.290000   44.992447   71.426642   23.004551   30.846545 
   1.300000   45.222492   71.735107   22.866523   30.561465 
   1.310000   45.451158   72.040722   22.729324   30.278097 
   1.320000   45.678451   72.343503   22.592948   29.996428 
   1.330000   45.904380   72.643467   22.457391   29.716449 
   1.340000   46.128954   72.940631   22.322646   29.438151 
   1.350000   46.352181   73.235013   22.188710   29.161522 
   1.360000   46.574068   73.526628   22.055578   28.886553 
   1.370000   46.794624   73.815494   21.923245   28.613233 
   1.380000   47.013856   74.101626   21.791705   28.341554 
   1.390000   47.231773   74.385041   21.660955   28.071505 
   1.400000   47.448383   74.665757   21.530989   27.803076 
   1.410000   47.663693   74.943787   21.401803   27.536257 
   1.420000   47.877711   75.219150   21.273392   27.271040 
   1.430000   48.090445   75.491860   21.145752   27.007413 
   1.440000   48.301902   75.761934   21.018878   26.745369 
   1.450000   48.512091   76.029388   20.892764   26.484897 
   1.460000   48.721019   76.294237   20.767408   26.225987 
   1.470000   48.928693   76.556497   20.642803   25.968631 
   1.480000   49.135121   76.816183   20.518946   25.712820 
   1.490000   49.340310   77.073311   20.395833   25.458543 
   1.500000   49.544268   77.327897   20.273458   25.205791 
   1.510000   49.747003   77.579955   20.151817   24.954557 
   1.520000   49.948521   77.829500   20.030906   24.704829 
   1.530000   50.148830   78.076549   19.910721   24.456600 
   1.540000   50.347937   78.321115   19.791256   24.209861 
   1.550000   50.545850   78.563213   19.672509   23.964602 
   1.560000   50.742575   78.802859   19.554474   23.720814 
   1.570000   50.938120   79.040067   19.437147   23.478489 
   1.580000   51.132491   79.274852   19.320524   23.237618 
   1.590000   51.325697   79.507228   19.204601   22.998192 
   1.600000   51.517743   79.737210   19.089373   22.760203 
   1.610000   51.708636   79.964812   18.974837   22.523642 
   1.620000   51.898385   80.190049   18.860988   22.288500 
   1.630000   52.086995   80.412934   18.747822   22.054769 
   1.640000   52.274473   80.633482   18.635335   21.822441 
   1.650000   52.460826   80.851706   18.523523   21.591506 
   1.660000   52.646061   81.067621   18.412382   21.361957 
   1.670000   52.830185   81.281241   18.301908   21.133785 
   1.680000   53.013204   81.492578   18.192096   20.906982 
   1.690000   53.195125   81.701648   18.082944   20.681541 
   1.700000   53.375955   81.908464   17.974446   20.457451 
   1.710000   53.555699   82.113038   17.866599   20.234707 
   1.720000   53.734365   82.315385   17.759400   20.013298 
   1.730000   53.911959   82.515518   17.652843   19.793219 
   1.740000   54.088488   82.713450   17.546926   19.574459 
   1.750000   54.263957   82.909195   17.441645   19.357012 
   1.760000   54.438373   83.102765   17.336995   19.140870 
   1.770000   54.611743   83.294174   17.232973   18.926025 
   1.780000   54.784073   83.483434   17.129575   18.712469 
   1.790000   54.955369   83.670559   17.026798   18.500194 
   1.800000   55.125637   83.855561   16.924637   18.289193 
   1.810000   55.294883   84.038453   16.823089   18.079458 
   1.820000   55.463114   84.219247   16.722151   17.870981 
   1.830000   55.630335   84.397957   16.621818   17.663755 
   1.840000   55.796554   84.574595   16.522087   17.457773 
   1.850000   55.961774   84.749172   16.422954   17.253026 
   1.860000   56.126004   84.921703   16.324416   17.049508 
   1.870000   56.289248   85.092198   16.226470   16.847211 
   1.880000   56.451513   85.260670   16.129111   16.646128 
   1.890000   56.612804   85.427131   16.032336   16.446251 
   1.900000   56.773127   85.591594   15.936142   16.247573 
   1.910000   56.932489   85.754069   15.840526   16.050088 
   1.920000   57.090894   85.914570   15.745482   15.853787 
   1.930000   57.248349   86.073108   15.651010   15.658665 
   1.940000   57.404859   86.229695   15.557104   15.464713 
   1.950000   57.560430   86.384342   15.463761   15.271924 
   1.960000   57.715068   86.537061   15.370978   15.080293 
   1.970000   57.868777   86.687864   15.278752   14.889811 
   1.980000   58.021565   86.836762   15.187080   14.700472 
   1.990000   58.173436   86.983767   15.095957   14.512269 
   2.000000   58.324395   87.128889   15.005382   14.325196 
   2.010000   58.474449   87.272141   14.915349   14.139245 
   2.020000   58.623603   87.413534   14.825857   13.954409 
   2.030000   58.771861   87.553078   14.736902   13.770683 
   2.040000   58.919230   87.690785   14.648481   13.588059 
   2.050000   59.065715   87.826665   14.560590   13.406530 
   2.060000   59.211321   87.960731   14.473226   13.226091 
   2.070000   59.356053   88.092992   14.386387   13.046735 
   2.080000   59.499917   88.223459   14.300069   12.868454 
   2.090000   59.642918   88.352144   14.214268   12.691243 
   2.100000   59.785060   88.479056   14.128983   12.515096 
   2.110000   59.926350   88.604207   14.044209   12.340005 
   2.120000   60.066792   88.727607   13.959943   12.165965 
   2.130000   60.206392   88.849267   13.876184   11.992970 
   2.140000   60.345154   88.969196   13.792927   11.821012 
   2.150000   60.483083   89.087406   13.710169   11.650086 
   2.160000   60.620185   89.203907   13.627908   11.480185 
   2.170000   60.756464   89.318709   13.546141   11.311304 
   2.180000   60.891925   89.431822   13.464864   11.143436 
   2.190000   61.026574   89.543257   13.384075   10.976576 
   2.200000   61.160414   89.653022   13.303770   10.810716 
   2.210000   61.293452   89.761129   13.223948   10.645852 
   2.220000   61.425692   89.867588   13.144604   10.481977 
   2.230000   61.557138   89.972408   13.065736   10.319085 
   2.240000   61.687795   90.075599   12.987342   10.157170 
   2.250000   61.817668   90.177170   12.909418    9.996227 
   2.260000   61.946763   90.277133   12.831961    9.836250 
   2.270000   62.075082   90.375495   12.754970    9.677232 
   2.280000   62.202632   90.472267   12.678440    9.519169 
   2.290000   62.329416   90.567459   12.602369    9.362054 
   2.300000   62.455440   90.661080   12.526755    9.205882 
   2.310000   62.580708   90.753138   12.451594    9.050646 
   2.320000   62.705223   90.843645   12.376885    8.896343 
   2.330000   62.828992   90.932608   12.302623    8.742964 
   2.340000   62.952019   91.020038   12.228808    8.590507 
   2.350000   63.074307   91.105943   12.155435    8.438964 
   2.360000   63.195861   91.190333   12.082502    8.288330 
   2.370000   63.316686   91.273216   12.010007    8.138600 
   2.380000   63.436786   91.354602   11.937947    7.989768 
   2.390000   63.556166   91.434500   11.866320    7.841830 
   2.400000   63.674829   91.512918   11.795122    7.694779 
   2.410000   63.792780   91.589866   11.724351    7.548610 
   2.420000   63.910023   91.665352   11.654005    7.403318 
   2.430000   64.026564   91.739385   11.584081    7.258898 
   2.440000   64.142404   91.811974   11.514576    7.115345 
   2.450000   64.257550   91.883127   11.445489    6.972653 
   2.460000   64.372005   91.952854   11.376816    6.830817 
   2.470000   64.485773   92.021162   11.308555    6.689832 
   2.480000   64.598859   92.088060   11.240704    6.549693 
   2.490000   64.711266   92.153557   11.173259    6.410395 
   2.500000   64.822998   92.217661   11.106220    6.271933 
   2.510000   64.934061   92.280381   11.039583    6.134301 
   2.520000   65.044456   92.341724   10.973345    5.997495 
   2.530000   65.154190   92.401699   10.907505    5.861510 
   2.540000   65.263265   92.460314   10.842060    5.726341 
   2.550000   65.371685   92.517577   10.777008    5.591983 
   2.560000   65.479456   92.573497   10.712346    5.458431 
   2.570000   65.586579   92.628081   10.648071    5.325681 
   2.580000   65.693060   92.681338   10.584183    5.193727 
   2.590000   65.798902   92.733275   10.520678    5.062564 
   2.600000   65.904108   92.783901   10.457554    4.932189 
   2.610000   66.008684   92.833223   10.394809    4.802596 
   2.620000   66.112632   92.881249   10.332440    4.673780 
   2.630000   66.215956   92.927987   10.270445    4.545737 
   2.640000   66.318661   92.973444   10.208822    4.418463 
   2.650000   66.420749   93.017629   10.147569    4.291952 
   2.660000   66.522225   93.060548   10.086684    4.166201 
   2.670000   66.623092   93.102210   10.026164    4.041203 
   2.680000   66.723353   93.142622    9.966007    3.916956 
   2.690000   66.823013   93.181792    9.906211    3.793454 
   2.700000   66.922075   93.219726    9.846774    3.670694 
   2.710000   67.020543   93.256433    9.787693    3.548670 
   2.720000   67.118420   93.291920    9.728967    3.427378 
   2.730000   67.215710   93.326194    9.670593    3.306813 
   2.740000   67.312416   93.359262    9.612570    3.186972 
   2.750000   67.408541   93.391132    9.554894    3.067851 
   2.760000   67.504090   93.421810    9.497565    2.949443 
   2.770000   67.599066   93.451305    9.440579    2.831747 
   2.780000   67.693472   93.479622    9.383936    2.714756 
   2.790000   67.787311   93.506770    9.327632    2.598468 
   2.800000   67.880587   93.532754    9.271666    2.482877 
   2.810000   67.973304   93.557583    9.216036    2.367980 
   2.820000   68.065464   93.581263    9.160740    2.253772 
   2.830000   68.157072   93.603801    9.105776    2.140249 
   2.840000   68.248130   93.625203    9.051141    2.027408 
   2.850000   68.338641   93.645477    8.996834    1.915243 
   2.860000   68.428609   93.664630    8.942853    1.803752 
   2.870000   68.518038   93.682667    8.889196    1.692929 
   2.880000   68.606930   93.699596    8.835861    1.582772 
   2.890000   68.695288   93.715424    8.782846    1.473275 
   2.900000   68.783117   93.730157    8.730149    1.364435 
   2.910000   68.870418   93.743801    8.677768    1.256249 
   2.920000   68.957196   93.756364    8.625701    1.148711 
   2.930000   69.043453   93.767851    8.573947    1.041819 
   2.940000   69.129193   93.778269    8.522503    0.935568 
   2.950000   69.214418   93.787625    8.471368    0.829955 
   2.960000   69.299131   93.795924    8.420540    0.724975 
   2.970000   69.383337   93.803174    8.370017    0.620625 
   2.980000   69.467037   93.809380    8.319797    0.516901 
   2.990000   69.550235   93.814549    8.269878    0.413800 
   3.000000   69.632934   93.818687    8.220259    0.311317 
   3.010000   69.715136   93.821800    8.170937    0.209449 
   3.020000   69.796846   93.823895    8.121912    0.108193 
   3.030000   69.878065   93.824977    8.073180    0.007543 
   3.040000   69.958796   93.825052    8.024741   -0.092502 
   3.050000   70.039044   93.824127    7.976593   -0.191947 
   3.060000   70.118810   93.822208    7.928733   -0.290795 
   3.070000   70.198097   93.819300    7.881161   -0.389050 
   3.080000   70.276909   93.815409    7.833874   -0.486716 
   3.090000   70.355247   93.810542    7.786870   -0.583796 
   3.100000   70.433116   93.804704    7.740149   -0.680293 
   3.110000   70.510518   93.797901    7.693708   -0.776211 
   3.120000   70.587455   93.790139    7.647546   -0.871554 
   3.130000   70.663930   93.781424    7.601661   -0.966325 
   3.140000   70.739947   93.771760    7.556051   -1.060527 
   3.150000   70.815507   93.761155    7.510714   -1.154164 
   3.160000   70.890614   93.749613    7.465650   -1.247239 
   3.170000   70.965271   93.737141    7.420856   -1.339755 
   3.180000   71.039479   93.723743    7.376331   -1.431717 
   3.190000   71.113243   93.709426    7.332073   -1.523126 
   3.200000   71.186564   93.694195    7.288081   -1.613988 
   3.210000   71.259444   93.678055    7.244352   -1.704304 
   3.220000   71.331888   93.661012    7.200886   -1.794078 
   3.230000   71.403897   93.643071    7.157681   -1.883313 
   3.240000   71.475474   93.624238    7.114735   -1.972013 
   3.250000   71.546621   93.604518    7.072046   -2.060181 
   3.260000   71.617341   93.583916    7.029614   -2.147820 
   3.270000   71.687637   93.562438    6.987436   -2.234933 
   3.280000   71.757512   93.540089    6.945512   -2.321524 
   3.290000   71.826967   93.516874    6.903839   -2.407595 
   3.300000   71.896005   93.492798    6.862416   -2.493149 
   3.310000   71.964630   93.467866    6.821241   -2.578190 
   3.320000   72.032842   93.442084    6.780314   -2.662721 
   3.330000   72.100645   93.415457    6.739632   -2.746745 
   3.340000   72.168041   93.387990    6.699194   -2.830264 
   3.350000   72.235033   93.359687    6.658999   -2.913283 
   3.360000   72.301623   93.330554    6.619045   -2.995803 
   3.370000   72.367814   93.300596    6.579331   -3.077828 
   3.380000   72.433607   93.269818    6.539855   -3.159361 
   3.390000   72.499006   93.238224    6.500615   -3.240405 
   3.400000   72.564012   93.205820    6.461612   -3.320963 
   3.410000   72.628628   93.172610    6.422842   -3.401037 
   3.420000   72.692856   93.138600    6.384305   -3.480631 
   3.430000   72.756699   93.103794    6.345999   -3.559747 
   3.440000   72.820159   93.068196    6.307923   -3.638388 
   3.450000   72.883239   93.031812    6.270076   -3.716558 
   3.460000   72.945939   92.994647    6.232455   -3.794259 
   3.470000   73.008264   92.956704    6.195061   -3.871493 
   3.480000   73.070215   92.917989    6.157890   -3.948264 
   3.490000   73.131793   92.878507    6.120943   -4.024575 
   3.500000   73.193003   92.838261    6.084217   -4.100427 
   3.510000   73.253845   92.797257    6.047712   -4.175825 
   3.520000   73.314322   92.755498    6.011426   -4.250770 
   3.530000   73.374436   92.712991    5.975357   -4.325265 
   3.540000   73.434190   92.669738    5.939505   -4.399313 
   3.550000   73.493585   92.625745    5.903868   -4.472917 
   3.560000   73.552624   92.581016    5.868445   -4.546080 
   3.570000   73.611308   92.535555    5.833234   -4.618804 
   3.580000   73.669640   92.489367    5.798235   -4.691091 
   3.590000   73.727623   92.442456    5.763445   -4.762944 
   3.600000   73.785257   92.394827    5.728865   -4.834366 
   3.610000   73.842546   92.346483    5.694491   -4.905360 
   3.620000   73.899491   92.297429    5.660324   -4.975928 
   3.630000   73.956094   92.247670    5.626362   -5.046073 
   3.640000   74.012358   92.197209    5.592604   -5.115796 
   3.650000   74.068284   92.146051    5.559049   -5.185101 
   3.660000   74.123874   92.094200    5.525694   -5.253991 
   3.670000   74.179131   92.041660    5.492540   -5.322467 
   3.680000   74.234057   91.988436    5.459585   -5.390532 
   3.690000   74.288652   91.934530    5.426827   -5.458189 
   3.700000   74.342921   91.879949    5.394266   -5.525440 
   3.710000   74.396863   91.824694    5.361901   -5.592287 
   3.720000   74.450482   91.768771    5.329729   -5.658733 
   3.730000   74.503780   91.712184    5.297751   -5.724781 
   3.740000   74.556757   91.654936    5.265965   -5.790432 
   3.750000   74.609417   91.597032    5.234369   -5.855690 
   3.760000   74.661760   91.538475    5.202963   -5.920555 
   3.770000   74.713790   91.479269    5.171745   -5.985032 
   3.780000   74.765508   91.419419    5.140714   -6.049122 
   3.790000   74.816915   91.358928    5.109870   -6.112827 
   3.800000   74.868013   91.297800    5.079211   -6.176150 
   3.810000   74.918806   91.236038    5.048736   -6.239093 
   3.820000   74.969293   91.173647    5.018443   -6.301659 
   3.830000   75.019477   91.110631    4.988332   -6.363849 
   3.840000   75.069361   91.046992    4.958402   -6.425666 
   3.850000   75.118945   90.982735    4.928652   -6.487112 
   3.860000   75.168231   90.917864    4.899080   -6.548189 
   3.870000   75.217222   90.852382    4.869686   -6.608900 
   3.880000   75.265919   90.786293    4.840468   -6.669247 
   3.890000   75.314324   90.719601    4.811425   -6.729231 
   3.900000   75.362438   90.652309    4.782556   -6.788856 
   3.910000   75.410263   90.584420    4.753861   -6.848123 
   3.920000   75.457802   90.515939    4.725338   -6.907034 
   3.930000   75.505055   90.446868    4.696986   -6.965592 
   3.940000   75.552025   90.377213    4.668804   -7.023798 
   3.950000   75.598713   90.306975    4.640791   -7.081655 
   3.960000   75.645121   90.236158    4.612946   -7.139165 
   3.970000   75.691251   90.164766    4.585269   -7.196330 
   3.980000   75.737103   90.092803    4.557757   -7.253152 
   3.990000   75.782681   90.020272    4.530410   -7.309633 
   4.000000   75.827985   89.947175    4.503228   -7.365776 
   4.010000   75.873017   89.873517    4.476209   -7.421581 
   4.020000   75.917779   89.799302    4.449351   -7.477052 
   4.030000   75.962273   89.724531    4.422655   -7.532189 
   4.040000   76.006499   89.649209    4.396119   -7.586996 
   4.050000   76.050461   89.573339    4.369743   -7.641474 
   4.060000   76.094158   89.496925    4.343524   -7.695625 
   4.070000   76.137593   89.419968    4.317463   -7.749451 
   4.080000   76.180768   89.342474    4.291558   -7.802955 
   4.090000   76.223683   89.264444    4.265809   -7.856137 
   4.100000   76.266342   89.185883    4.240214   -7.909000 
   4.110000   76.308744   89.106793    4.214773   -7.961546 
   4.120000   76.350891   89.027177    4.189484   -8.013777 
   4.130000   76.392786   88.947040    4.164347   -8.065694 
   4.140000   76.434430   88.866383    4.139361   -8.117300 
   4.150000   76.475823   88.785210    4.114525   -8.168596 
   4.160000   76.516969   88.703524    4.089838   -8.219585 
   4.170000   76.557867   88.621328    4.065299   -8.270267 
   4.180000   76.598520   88.538625    4.040907   -8.320646 
   4.190000   76.638929   88.455419    4.016661   -8.370722 
   4.200000   76.679096   88.371712    3.992562   -8.420497 
   4.210000   76.719021   88.287507    3.968606   -8.469974 
   4.220000   76.758707   88.202807    3.944794   -8.519155 
   4.230000   76.798155   88.117615    3.921126   -8.568040 
   4.240000   76.837366   88.031935    3.897599   -8.616631 
   4.250000   76.876342   87.945769    3.874213   -8.664932 
   4.260000   76.915085   87.859119    3.850968   -8.712942 
   4.270000   76.953594   87.771990    3.827862   -8.760664 
   4.280000   76.991873   87.684383    3.804895   -8.808100 
   4.290000   77.029922   87.596302    3.782066   -8.855252 
   4.300000   77.067743   87.507750    3.759373   -8.902120 
   4.310000   77.105336   87.418728    3.736817   -8.948708 
   4.320000   77.142704   87.329241    3.714396   -8.995015 
   4.330000   77.179848   87.239291    3.692110   -9.041045 
   4.340000   77.216769   87.148881    3.669957   -9.086799 
   4.350000   77.253469   87.058013    3.647937   -9.132278 
   4.360000   77.289948   86.966690    3.626050   -9.177485 
   4.370000   77.326209   86.874915    3.604294   -9.222420 
   4.380000   77.362252   86.782691    3.582668   -9.267085 
   4.390000   77.398079   86.690020    3.561172   -9.311483 
   4.400000   77.433690   86.596905    3.539805   -9.355614 
   4.410000   77.469088   86.503349    3.518566   -9.399480 
   4.420000   77.504274   86.409354    3.497454   -9.443083 
   4.430000   77.539249   86.314924    3.476470   -9.486425 
   4.440000   77.574013   86.220059    3.455611   -9.529506 
   4.450000   77.608569   86.124764    3.434877   -9.572329 
   4.460000   77.642918   86.029041    3.414268   -9.614895 
   4.470000   77.677061   85.932892    3.393782   -9.657206 
   4.480000   77.710999   85.836320    3.373420   -9.699262 
   4.490000   77.744733   85.739327    3.353179   -9.741067 
   4.500000   77.778265   85.641917    3.333060   -9.782620 
   4.510000   77.811595   85.544090    3.313062   -9.823925 
   4.520000   77.844726   85.445851    3.293183   -9.864981 
   4.530000   77.877658   85.347201    3.273424   -9.905791 
   4.540000   77.910392   85.248143    3.253784   -9.946357 
   4.550000   77.942930   85.148680    3.234261   -9.986678 
   4.560000   77.975272   85.048813    3.214855  -10.026758 
   4.570000   78.007421   84.948546    3.195566  -10.066598 
   4.580000   78.039377   84.847880    3.176393  -10.106198 
   4.590000   78.071140   84.746818    3.157335  -10.145561 
   4.600000   78.102714   84.645362    3.138391  -10.184688 
   4.610000   78.134098   84.543515    3.119560  -10.223580 
   4.620000   78.165293   84.441279    3.100843  -10.262238 
   4.630000   78.196302   84.338657    3.082238  -10.300665 
   4.640000   78.227124   84.235650    3.063744  -10.338861 
   4.650000   78.257762   84.132262    3.045362  -10.376827 
   4.660000   78.288215   84.028493    3.027090  -10.414567 
   4.670000   78.318486   83.924348    3.008927  -10.452079 
   4.680000   78.348575   83.819827    2.990874  -10.489367 
   4.690000   78.378484   83.714933    2.972928  -10.526430 
   4.700000   78.408213   83.609669    2.955091  -10.563272 
   4.710000   78.437764   83.504036    2.937360  -10.599892 
   4.720000   78.467138   83.398037    2.919736  -10.636293 
   4.730000   78.496335   83.291674    2.902218  -10.672475 
   4.740000   78.525357   83.184950    2.884804  -10.708440 
   4.750000   78.554205   83.077865    2.867496  -10.744190 
   4.760000   78.582880   82.970423    2.850291  -10.779724 
   4.770000   78.611383   82.862626    2.833189  -10.815046 
   4.780000   78.639715   82.754476    2.816190  -10.850156 
   4.790000   78.667877   82.645974    2.799293  -10.885055 
   4.800000   78.695870   82.537123    2.782497  -10.919745 
   4.810000   78.723695   82.427926    2.765802  -10.954226 
   4.820000   78.751353   82.318384    2.749207  -10.988501 
   4.830000   78.778845   82.208499    2.732712  -11.022570 
   4.840000   78.806172   82.098273    2.716316  -11.056434 
   4.850000   78.833335   81.987709    2.700018  -11.090096 
   4.860000   78.860336   81.876808    2.683818  -11.123555 
   4.870000   78.887174   81.765572    2.667715  -11.156814 
   4.880000   78.913851   81.654004    2.651708  -11.189873 
   4.890000   78.940368   81.542105    2.635798  -11.222734 
   4.900000   78.966726   81.429878    2.619983  -11.255397 
   4.910000   78.992926   81.317324    2.604263  -11.287865 
   4.920000   79.018968   81.204445    2.588638  -11.320138 
   4.930000   79.044855   81.091244    2.573106  -11.352217 
   4.940000   79.070586   80.977722    2.557667  -11.384104 
   4.950000   79.096163   80.863881    2.542321  -11.415799 
   4.960000   79.121586   80.749723    2.527067  -11.447304 
   4.970000   79.146856   80.635250    2.511905  -11.478620 
   4.980000   79.171975   80.520464    2.496834  -11.509749 
   4.990000   79.196944   80.405366    2.481853  -11.540690 
   5.000000   79.221762   80.289959    2.466961  -11.571446 
   5.010000   79.246432   80.174245    2.452160  -11.602017 
   5.020000   79.270954   80.058225    2.437447  -11.632405 
   5.030000   79.295328   79.941901    2.422822  -11.662611 
   5.040000   79.319556   79.825274    2.408285  -11.692635 
   5.050000   79.343639   79.708348    2.393835  -11.722479 
   5.060000   79.367577   79.591123    2.379472  -11.752144 
   5.070000   79.391372   79.473602    2.365196  -11.781632 
   5.080000   79.415024   79.355785    2.351004  -11.810942 
   5.090000   79.438534   79.237676    2.336898  -11.840076 
   5.100000   79.461903   79.119275    2.322877  -11.869036 
   5.110000   79.485132   79.000585    2.308940  -11.897821 
   5.120000   79.508221   78.881607    2.295086  -11.926435 
   5.130000   79.531172   78.762342    2.281316  -11.954876 
   5.140000   79.553985   78.642794    2.267628  -11.983147 
   5.150000   79.576662   78.522962    2.254022  -12.011248 
   5.160000   79.599202   78.402850    2.240498  -12.039180 
   5.170000   79.621607   78.282458    2.227055  -12.066945 
   5.180000   79.643877   78.161788    2.213692  -12.094544 
   5.190000   79.666014   78.040843    2.200410  -12.121976 
   5.200000   79.688018   77.919623    2.187208  -12.149244 
   5.210000   79.709890   77.798131    2.174085  -12.176349 
   5.220000   79.731631   77.676367    2.161040  -12.203291 
   5.230000   79.753242   77.554334    2.148074  -12.230071 
   5.240000   79.774722   77.432034    2.135185  -12.256691 
   5.250000   79.796074   77.309467    2.122374  -12.283151 
   5.260000   79.817298   77.186635    2.109640  -12.309452 
   5.270000   79.838394   77.063541    2.096982  -12.335595 
   5.280000   79.859364   76.940185    2.084400  -12.361581 
   5.290000   79.880208   76.816569    2.071894  -12.387412 
   5.300000   79.900927   76.692695    2.059463  -12.413087 
   5.310000   79.921522   76.568564    2.047106  -12.438609 
   5.320000   79.941993   76.444178    2.034823  -12.463977 
   5.330000   79.962341   76.319538    2.022614  -12.489193 
   5.340000   79.982567   76.194646    2.010479  -12.514258 
   5.350000   80.002672   76.069504    1.998416  -12.539173 
   5.360000   80.022656   75.944112    1.986425  -12.563938 
   5.370000   80.042520   75.818473    1.974507  -12.588554 
   5.380000   80.062266   75.692587    1.962660  -12.613023 
   5.390000   80.081892   75.566457    1.950884  -12.637345 
   5.400000   80.101401   75.440083    1.939178  -12.661520 
   5.410000   80.120793   75.313468    1.927543  -12.685551 
   5.420000   80.140068   75.186613    1.915978  -12.709438 
   5.430000   80.159228   75.059518    1.904482  -12.733181 
   5.440000   80.178273   74.932186    1.893055  -12.756782 
   5.450000   80.197203   74.804619    1.881697  -12.780242 
   5.460000   80.216020   74.676816    1.870407  -12.803560 
   5.470000   80.234724   74.548781    1.859184  -12.826739 
   5.480000   80.253316   74.420513    1.848029  -12.849778 
   5.490000   80.271796   74.292015    1.836941  -12.872680 
   5.500000   80.290166   74.163289    1.825919  -12.895444 
   5.510000   80.308425   74.034334    1.814964  -12.918071 
   5.520000   80.326575   73.905153    1.804074  -12.940563 
   5.530000   80.344615   73.775748    1.793250  -12.962919 
   5.540000   80.362548   73.646119    1.782490  -12.985142 
   5.550000   80.380373   73.516267    1.771795  -13.007231 
   5.560000   80.398091   73.386195    1.761164  -13.029187 
   5.570000   80.415702   73.255903    1.750597  -13.051012 
   5.580000   80.433208   73.125393    1.740094  -13.072706 
   5.590000   80.450609   72.994666    1.729653  -13.094270 
   5.600000   80.467906   72.863723    1.719275  -13.115704 
   5.610000   80.485099   72.732566    1.708960  -13.137010 
   5.620000   80.502188   72.601196    1.698706  -13.158188 
   5.630000   80.519175   72.469614    1.688514  -13.179239 
   5.640000   80.536060   72.337822    1.678383  -13.200164 
   5.650000   80.552844   72.205820    1.668312  -13.220963 
   5.660000   80.569527   72.073610    1.658302  -13.241637 
   5.670000   80.586110   71.941194    1.648353  -13.262187 
   5.680000   80.602594   71.808572    1.638462  -13.282614 
   5.690000   80.618979   71.675746    1.628632  -13.302918 
   5.700000   80.635265   71.542717    1.618860  -13.323101 
   5.710000   80.651453   71.409486    1.609147  -13.343162 
   5.720000   80.667545   71.276054    1.599492  -13.363103 
   5.730000   80.683540   71.142423    1.589895  -13.382924 
   5.740000   80.699439   71.008594    1.580356  -13.402627 
   5.750000   80.715242   70.874568    1.570873  -13.422211 
   5.760000   80.730951   70.740346    1.561448  -13.441678 
   5.770000   80.746566   70.605929    1.552080  -13.461028 
   5.780000   80.762086   70.471319    1.542767  -13.480262 
   5.790000   80.777514   70.336516    1.533510  -13.499380 
   5.800000   80.792849   70.201522    1.524309  -13.518384 
   5.810000   80.808092   70.066338    1.515164  -13.537273 
   5.820000   80.823244   69.930966    1.506073  -13.556050 
   5.830000   80.838305   69.795405    1.497036  -13.574714 
   5.840000   80.853275   69.659658    1.488054  -13.593265 
   5.850000   80.868156   69.523725    1.479126  -13.611706 
   5.860000   80.882947   69.387608    1.470251  -13.630035 
   5.870000   80.897649   69.251308    1.461429  -13.648255 
   5.880000   80.912264   69.114825    1.452661  -13.666366 
   5.890000   80.926790   68.978162    1.443945  -13.684368 
   5.900000   80.941230   68.841318    1.435281  -13.702261 
   5.910000   80.955582   68.704295    1.426669  -13.720048 
   5.920000   80.969849   68.567095    1.418109  -13.737727 
   5.930000   80.984030   68.429718    1.409601  -13.755301 
   5.940000   80.998126   68.292165    1.401143  -13.772769 
   5.950000   81.012138   68.154437    1.392736  -13.790133 
   5.960000   81.026065   68.016536    1.384380  -13.807392 
   5.970000   81.039909   67.878462    1.376074  -13.824548 
   5.980000   81.053670   67.740216    1.367817  -13.841600 
   5.990000   81.067348   67.601800    1.359610  -13.858551 
   6.000000   81.080944   67.463215    1.351453  -13.875399 
   6.010000   81.094458   67.324461    1.343344  -13.892147 
   6.020000   81.107892   67.185539    1.335284  -13.908794 
   6.030000   81.121245   67.046451    1.327272  -13.925341 
   6.040000   81.134517   66.907198    1.319308  -13.941789 
   6.050000   81.147710   66.767780    1.311393  -13.958138 
   6.060000   81.160824   66.628199    1.303524  -13.974390 
   6.070000   81.173860   66.488455    1.295703  -13.990543 
   6.080000   81.186817   66.348549    1.287929  -14.006600 
   6.090000   81.199696   66.208483    1.280201  -14.022560 
   6.100000   81.212498   66.068258    1.272520  -14.038425 
   6.110000   81.225223   65.927873    1.264885  -14.054195 
   6.120000   81.237872   65.787331    1.257296  -14.069869 
   6.130000   81.250445   65.646633    1.249752  -14.085450 
   6.140000   81.262942   65.505778    1.242253  -14.100937 
   6.150000   81.275365   65.364769    1.234800  -14.116332 
   6.160000   81.287713   65.223606    1.227391  -14.131634 
   6.170000   81.299987   65.082289    1.220027  -14.146844 
   6.180000   81.312187   64.940821    1.212707  -14.161963 
   6.190000   81.324314   64.799201    1.205430  -14.176991 
   6.200000   81.336369   64.657431    1.198198  -14.191929 
   6.210000   81.348351   64.515512    1.191009  -14.206778 
   6.220000   81.360261   64.373444    1.183862  -14.221537 
   6.230000   81.372099   64.231229    1.176759  -14.236208 
   6.240000   81.383867   64.088867    1.169699  -14.250791 
   6.250000   81.395564   63.946359    1.162681  -14.265286 
   6.260000   81.407191   63.803706    1.155704  -14.279694 
   6.270000   81.418748   63.660909    1.148770  -14.294016 
   6.280000   81.430235   63.517969    1.141878  -14.308252 
   6.290000   81.441654   63.374886    1.135026  -14.322402 
   6.300000   81.453004   63.231662    1.128216  -14.336468 
   6.310000   81.464287   63.088298    1.121447  -14.350449 
   6.320000   81.475501   62.944793    1.114718  -14.364346 
   6.330000   81.486648   62.801150    1.108030  -14.378160 
   6.340000   81.497729   62.657368    1.101382  -14.391891 
   6.350000   81.508742   62.513449    1.094773  -14.405540 
   6.360000   81.519690   62.369394    1.088205  -14.419107 
   6.370000   81.530572   62.225203    1.081676  -14.432592 
   6.380000   81.541389   62.080877    1.075186  -14.445997 
   6.390000   81.552141   61.936417    1.068734  -14.459321 
   6.400000   81.562828   61.791824    1.062322  -14.472565 
   6.410000   81.573451   61.647098    1.055948  -14.485729 
   6.420000   81.584011   61.502241    1.049612  -14.498815 
   6.430000   81.594507   61.357253    1.043315  -14.511822 
   6.440000   81.604940   61.212134    1.037055  -14.524751 
   6.450000   81.615311   61.066887    1.030833  -14.537603 
   6.460000   81.625619   60.921511    1.024648  -14.550377 
   6.470000   81.635865   60.776007    1.018500  -14.563075 
   6.480000   81.646050   60.630376    1.012389  -14.575696 
   6.490000   81.656174   60.484619    1.006314  -14.588242 
   6.500000   81.666237   60.338737    1.000276  -14.600713 
   6.510000   81.676240   60.192730    0.994275  -14.613108 
   6.520000   81.686183   60.046599    0.988309  -14.625430 
   6.530000   81.696066   59.900344    0.982379  -14.637677 
   6.540000   81.705890   59.753968    0.976485  -14.649851 
   6.550000   81.715655   59.607469    0.970626  -14.661952 
   6.560000   81.725361   59.460850    0.964802  -14.673980 
   6.570000   81.735009   59.314110    0.959013  -14.685936 
   6.580000   81.744599   59.167250    0.953259  -14.697821 
   6.590000   81.754132   59.020272    0.947540  -14.709634 
   6.600000   81.763607   58.873176    0.941855  -14.721376 
   6.610000   81.773026   58.725962    0.936203  -14.733048 
   6.620000   81.782388   58.578632    0.930586  -14.744649 
   6.630000   81.791694   58.431185    0.925003  -14.756182 
   6.640000   81.800944   58.283623    0.919453  -14.767644 
   6.650000   81.810138   58.135947    0.913936  -14.779039 
   6.660000   81.819277   57.988156    0.908452  -14.790364 
   6.670000   81.828362   57.840253    0.903002  -14.801622 
   6.680000   81.837392   57.692237    0.897584  -14.812812 
   6.690000   81.846368   57.544108    0.892198  -14.823936 
   6.700000   81.855290   57.395869    0.886845  -14.834992 
   6.710000   81.864158   57.247519    0.881524  -14.845982 
   6.720000   81.872973   57.099059    0.876235  -14.856906 
   6.730000   81.881736   56.950490    0.870977  -14.867765 
   6.740000   81.890446   56.801813    0.865751  -14.878558 
   6.750000   81.899103   56.653027    0.860557  -14.889287 
   6.760000   81.907709   56.504134    0.855394  -14.899951 
   6.770000   81.916263   56.355135    0.850261  -14.910551 
   6.780000   81.924765   56.206029    0.845160  -14.921088 
   6.790000   81.933217   56.056818    0.840089  -14.931562 
   6.800000   81.941618   55.907503    0.835048  -14.941972 
   6.810000   81.949968   55.758083    0.830038  -14.952320 
   6.820000   81.958269   55.608560    0.825058  -14.962606 
   6.830000   81.966519   55.458934    0.820107  -14.972831 
   6.840000   81.974720   55.309205    0.815187  -14.982994 
   6.850000   81.982872   55.159375    0.810296  -14.993096 
   6.860000   81.990975   55.009445    0.805434  -15.003137 
   6.870000   81.999029   54.859413    0.800601  -15.013118 
   6.880000   82.007035   54.709282    0.795798  -15.023040 
   6.890000   82.014993   54.559052    0.791023  -15.032901 
   6.900000   82.022904   54.408723    0.786277  -15.042704 
   6.910000   82.030766   54.258295    0.781559  -15.052448 
   6.920000   82.038582   54.107771    0.776870  -15.062133 
   6.930000   82.046351   53.957150    0.772208  -15.071760 
   6.940000   82.054073   53.806432    0.767575  -15.081330 
   6.950000   82.061749   53.655619    0.762970  -15.090842 
   6.960000   82.069378   53.504710    0.758392  -15.100297 
   6.970000   82.076962   53.353707    0.753842  -15.109695 
   6.980000   82.084501   53.202610    0.749319  -15.119037 
   6.990000   82.091994   53.051420    0.744823  -15.128323 
   7.000000   82.099442   52.900137    0.740354  -15.137553 
   7.010000   82.106845   52.748761    0.735912  -15.146727 
   7.020000   82.114205   52.597294    0.731496  -15.155847 
   7.030000   82.121520   52.445736    0.727107  -15.164912 
   7.040000   82.128791   52.294086    0.722744  -15.173922 
   7.050000   82.136018   52.142347    0.718408  -15.182879 
   7.060000   82.143202   51.990518    0.714098  -15.191782 
   7.070000   82.150343   51.838601    0.709813  -15.200631 
   7.080000   82.157441   51.686594    0.705554  -15.209427 
   7.090000   82.164497   51.534500    0.701321  -15.218171 
   7.100000   82.171510   51.382318    0.697113  -15.226862 
   7.110000   82.178481   51.230050    0.692930  -15.235500 
   7.120000   82.185410   51.077695    0.688773  -15.244087 
   7.130000   82.192298   50.925254    0.684640  -15.252623 
   7.140000   82.199145   50.772728    0.680532  -15.261107 
   7.150000   82.205950   50.620117    0.676449  -15.269540 
   7.160000   82.212714   50.467421    0.672390  -15.277923 
   7.170000   82.219438   50.314642    0.668356  -15.286256 
   7.180000   82.226122   50.161779    0.664346  -15.294538 
   7.190000   82.232765   50.008834    0.660360  -15.302771 
   7.200000   82.239369   49.855806    0.656398  -15.310954 
   7.210000   82.245933   49.702697    0.652459  -15.319089 
   7.220000   82.252457   49.549506    0.648544  -15.327174 
   7.230000   82.258943   49.396234    0.644653  -15.335211 
   7.240000   82.265389   49.242882    0.640785  -15.343200 
   7.250000   82.271797   49.089450    0.636940  -15.351141 
   7.260000   82.278167   48.935939    0.633119  -15.359034 
   7.270000   82.284498   48.782348    0.629320  -15.366879 
   7.280000   82.290791   48.628679    0.625544  -15.374678 
   7.290000   82.297047   48.474933    0.621791  -15.382430 
   7.300000   82.303264   48.321108    0.618060  -15.390136 
   7.310000   82.309445   48.167207    0.614352  -15.397795 
   7.320000   82.315589   48.013229    0.610666  -15.405408 
   7.330000   82.321695   47.859175    0.607002  -15.412976 
   7.340000   82.327765   47.705045    0.603360  -15.420498 
   7.350000   82.333799   47.550840    0.599740  -15.427975 
   7.360000   82.339796   47.396561    0.596141  -15.435407 
   7.370000   82.345758   47.242206    0.592564  -15.442794 
   7.380000   82.351683   47.087779    0.589009  -15.450138 
   7.390000   82.357573   46.933277    0.585475  -15.457437 
   7.400000   82.363428   46.778703    0.581962  -15.464692 
   7.410000   82.369248   46.624056    0.578470  -15.471904 
   7.420000   82.375032   46.469337    0.574999  -15.479073 
   7.430000   82.380782   46.314546    0.571549  -15.486198 
   7.440000   82.386498   46.159684    0.568120  -15.493281 
   7.450000   82.392179   46.004751    0.564711  -15.500321 
   7.460000   82.397826   45.849748    0.561323  -15.507319 
   7.470000   82.403439   45.694675    0.557955  -15.514275 
   7.480000   82.409019   45.539532    0.554607  -15.521190 
   7.490000   82.414565   45.384320    0.551280  -15.528063 
   7.500000   82.420078   45.229040    0.547972  -15.534894 
   7.510000   82.425558   45.073691    0.544684  -15.541685 
   7.520000   82.431004   44.918274    0.541416  -15.548435 
   7.530000   82.436419   44.762789    0.538168  -15.555144 
   7.540000   82.441800   44.607238    0.534939  -15.561813 
   7.550000   82.447150   44.451620    0.531729  -15.568442 
   7.560000   82.452467   44.295935    0.528539  -15.575032 
   7.570000   82.457752   44.140185    0.525367  -15.581582 
   7.580000   82.463006   43.984369    0.522215  -15.588092 
   7.590000   82.468228   43.828488    0.519082  -15.594564 
   7.600000   82.473419   43.672543    0.515967  -15.600996 
   7.610000   82.478579   43.516533    0.512872  -15.607390 
   7.620000   82.483707   43.360459    0.509794  -15.613746 
   7.630000   82.488805   43.204321    0.506736  -15.620063 
   7.640000   82.493873   43.048121    0.503695  -15.626343 
   7.650000   82.498910   42.891857    0.500673  -15.632585 
   7.660000   82.503916   42.735532    0.497669  -15.638789 
   7.670000   82.508893   42.579144    0.494683  -15.644957 
   7.680000   82.513840   42.422694    0.491715  -15.651087 
   7.690000   82.518757   42.266183    0.488765  -15.657180 
   7.700000   82.523645   42.109611    0.485832  -15.663237 
   7.710000   82.528503   41.952979    0.482917  -15.669258 
   7.720000   82.533332   41.796286    0.480020  -15.675242 
   7.730000   82.538132   41.639534    0.477139  -15.681191 
   7.740000   82.542904   41.482722    0.474277  -15.687104 
   7.750000   82.547647   41.325851    0.471431  -15.692981 
   7.760000   82.552361   41.168921    0.468602  -15.698823 
   7.770000   82.557047   41.011933    0.465791  -15.704630 
   7.780000   82.561705   40.854887    0.462996  -15.710403 
   7.790000   82.566335   40.697783    0.460218  -15.716140 
   7.800000   82.570937   40.540621    0.457457  -15.721843 
   7.810000   82.575512   40.383403    0.454712  -15.727512 
   7.820000   82.580059   40.226128    0.451984  -15.733147 
   7.830000   82.584578   40.068796    0.449272  -15.738748 
   7.840000   82.589071   39.911409    0.446576  -15.744316 
   7.850000   82.593537   39.753966    0.443897  -15.749850 
   7.860000   82.597976   39.596467    0.441233  -15.755351 
   7.870000   82.602388   39.438914    0.438586  -15.760819 
   7.880000   82.606774   39.281305    0.435954  -15.766254 
   7.890000   82.611134   39.123643    0.433339  -15.771656 
   7.900000   82.615467   38.965926    0.430739  -15.777026 
   7.910000   82.619774   38.808156    0.428154  -15.782364 
   7.920000   82.624056   38.650332    0.425585  -15.787670 
   7.930000   82.628312   38.492456    0.423032  -15.792944 
   7.940000   82.632542   38.334526    0.420494  -15.798186 
   7.950000   82.636747   38.176544    0.417971  -15.803397 
   7.960000   82.640927   38.018510    0.415463  -15.808577 
   7.970000   82.645081   37.860425    0.412970  -15.813725 
   7.980000   82.649211   37.702287    0.410492  -15.818843 
   7.990000   82.653316   37.544099    0.408029  -15.823930 
   8.000000   82.657396   37.385860    0.405581  -15.828986 
   8.010000   82.661452   37.227570    0.403148  -15.834012 
   8.020000   82.665484   37.069230    0.400729  -15.839008 
   8.030000   82.669491   36.910840    0.398324  -15.843974 
   8.040000   82.673474   36.752400    0.395934  -15.848910 
   8.050000   82.677433   36.593911    0.393559  -15.853817 
   8.060000   82.681369   36.435373    0.391197  -15.858694 
   8.070000   82.685281   36.276786    0.388850  -15.863542 
   8.080000   82.689170   36.118150    0.386517  -15.868361 
   8.090000   82.693035   35.959467    0.384198  -15.873151 
   8.100000   82.696877   35.800735    0.381893  -15.877912 
   8.110000   82.700696   35.641956    0.379601  -15.882644 
   8.120000   82.704492   35.483130    0.377324  -15.887348 
   8.130000   82.708265   35.324256    0.375060  -15.892024 
   8.140000   82.712015   35.165336    0.372810  -15.896672 
   8.150000   82.715744   35.006369    0.370573  -15.901292 
   8.160000   82.719449   34.847356    0.368349  -15.905884 
   8.170000   82.723133   34.688297    0.366139  -15.910449 
   8.180000   82.726794   34.529193    0.363942  -15.914986 
   8.190000   82.730434   34.370043    0.361759  -15.919496 
   8.200000   82.734051   34.210848    0.359588  -15.923979 
   8.210000   82.737647   34.051608    0.357431  -15.928435 
   8.220000   82.741221   33.892324    0.355286  -15.932865 
   8.230000   82.744774   33.732995    0.353154  -15.937268 
   8.240000   82.748306   33.573623    0.351035  -15.941644 
   8.250000   82.751816   33.414206    0.348929  -15.945994 
   8.260000   82.755305   33.254746    0.346836  -15.950318 
   8.270000   82.758774   33.095243    0.344755  -15.954616 
   8.280000   82.762221   32.935697    0.342686  -15.958889 
   8.290000   82.765648   32.776108    0.340630  -15.963135 
   8.300000   82.769054   32.616477    0.338586  -15.967356 
   8.310000   82.772440   32.456803    0.336555  -15.971552 
   8.320000   82.775806   32.297088    0.334535  -15.975723 
   8.330000   82.779151   32.137330    0.332528  -15.979869 
   8.340000   82.782477   31.977532    0.330533  -15.983989 
   8.350000   82.785782   31.817692    0.328550  -15.988086 
   8.360000   82.789067   31.657811    0.326578  -15.992157 
   8.370000   82.792333   31.497889    0.324619  -15.996204 
   8.380000   82.795579   31.337927    0.322671  -16.000227 
   8.390000   82.798806   31.177925    0.320735  -16.004226 
   8.400000   82.802013   31.017883    0.318811  -16.008200 
   8.410000   82.805202   30.857801    0.316898  -16.012151 
   8.420000   82.808370   30.697679    0.314997  -16.016078 
   8.430000   82.811520   30.537518    0.313107  -16.019982 
   8.440000   82.814652   30.377319    0.311228  -16.023862 
   8.450000   82.817764   30.217080    0.309361  -16.027719 
   8.460000   82.820857   30.056803    0.307504  -16.031552 
   8.470000   82.823932   29.896487    0.305659  -16.035363 
   8.480000   82.826989   29.736134    0.303825  -16.039151 
   8.490000   82.830027   29.575742    0.302002  -16.042916 
   8.500000   82.833047   29.415313    0.300190  -16.046658 
   8.510000   82.836049   29.254846    0.298389  -16.050378 
   8.520000   82.839033   29.094343    0.296599  -16.054076 
   8.530000   82.841999   28.933802    0.294819  -16.057752 
   8.540000   82.844947   28.773224    0.293050  -16.061405 
   8.550000   82.847878   28.612610    0.291292  -16.065037 
   8.560000   82.850791   28.451960    0.289544  -16.068646 
   8.570000   82.853686   28.291273    0.287807  -16.072235 
   8.580000   82.856564   28.130551    0.286080  -16.075801 
   8.590000   82.859425   27.969793    0.284364  -16.079346 
   8.600000   82.862269   27.809000    0.282658  -16.082870 
   8.610000   82.865095   27.648171    0.280962  -16.086373 
   8.620000   82.867905   27.487307    0.279276  -16.089855 
   8.630000   82.870698   27.326409    0.277600  -16.093316 
   8.640000   82.873474   27.165476    0.275935  -16.096756 
   8.650000   82.876233   27.004508    0.274279  -16.100175 
   8.660000   82.878976   26.843506    0.272633  -16.103574 
   8.670000   82.881702   26.682470    0.270998  -16.106953 
   8.680000   82.884412   26.521401    0.269372  -16.110311 
   8.690000   82.887106   26.360298    0.267755  -16.113649 
   8.700000   82.889783   26.199161    0.266149  -16.116967 
   8.710000   82.892445   26.037992    0.264552  -16.120266 
   8.720000   82.895090   25.876789    0.262965  -16.123544 
   8.730000   82.897720   25.715554    0.261387  -16.126803 
   8.740000   82.900334   25.554286    0.259819  -16.130042 
   8.750000   82.902932   25.392985    0.258260  -16.133262 
   8.760000   82.905515   25.231653    0.256710  -16.136462 
   8.770000   82.908082   25.070288    0.255170  -16.139643 
   8.780000   82.910633   24.908891    0.253639  -16.142805 
   8.790000   82.913170   24.747463    0.252117  -16.145949 
   8.800000   82.915691   24.586004    0.250604  -16.149073 
   8.810000   82.918197   24.424513    0.249101  -16.152178 
   8.820000   82.920688   24.262991    0.247606  -16.155265 
   8.830000   82.923164   24.101439    0.246120  -16.158334 
   8.840000   82.925625   23.939855    0.244644  -16.161384 
   8.850000   82.928072   23.778242    0.243176  -16.164415 
   8.860000   82.930504   23.616597    0.241717  -16.167429 
   8.870000   82.932921   23.454923    0.240266  -16.170424 
   8.880000   82.935323   23.293219    0.238825  -16.173402 
   8.890000   82.937712   23.131485    0.237392  -16.176361 
   8.900000   82.940086   22.969721    0.235968  -16.179303 
   8.910000   82.942445   22.807928    0.234552  -16.182227 
   8.920000   82.944791   22.646106    0.233144  -16.185134 
   8.930000   82.947122   22.484255    0.231746  -16.188023 
   8.940000   82.949440   22.322374    0.230355  -16.190895 
   8.950000   82.951743   22.160465    0.228973  -16.193750 
   8.960000   82.954033   21.998528    0.227599  -16.196587 
   8.970000   82.956309   21.836562    0.226234  -16.199408 
   8.980000   82.958571   21.674568    0.224876  -16.202211 
   8.990000   82.960820   21.512546    0.223527  -16.204998 
   9.000000   82.963055   21.350496    0.222186  -16.207768 
   9.010000   82.965277   21.188418    0.220853  -16.210521 
   9.020000   82.967486   21.026313    0.219527  -16.213258 
   9.030000   82.969681   20.864180    0.218210  -16.215979 
   9.040000   82.971863   20.702021    0.216901  -16.218683 
   9.050000   82.974032   20.539834    0.215600  -16.221371 
   9.060000   82.976188   20.377620    0.214306  -16.224043 
   9.070000   82.978331   20.215380    0.213020  -16.226698 
   9.080000   82.980461   20.053113    0.211742  -16.229338 
   9.090000   82.982579   19.890819    0.210472  -16.231962 
   9.100000   82.984683   19.728500    0.209209  -16.234570 
   9.110000   82.986776   19.566154    0.207954  -16.237163 
   9.120000   82.988855   19.403782    0.206706  -16.239740 
   9.130000   82.990922   19.241385    0.205466  -16.242301 
   9.140000   82.992977   19.078962    0.204233  -16.244848 
   9.150000   82.995019   18.916513    0.203007  -16.247379 
   9.160000   82.997049   18.754040    0.201789  -16.249894 
   9.170000   82.999067   18.591541    0.200579  -16.252395 
   9.180000   83.001073   18.429017    0.199375  -16.254881 
   9.190000   83.003067   18.266468    0.198179  -16.257351 
   9.200000   83.005048   18.103894    0.196990  -16.259807 
   9.210000   83.007018   17.941296    0.195808  -16.262248 
   9.220000   83.008976   17.778674    0.194633  -16.264675 
   9.230000   83.010923   17.616027    0.193465  -16.267087 
   9.240000   83.012857   17.453356    0.192304  -16.269484 
   9.250000   83.014780   17.290661    0.191151  -16.271867 
   9.260000   83.016692   17.127943    0.190004  -16.274236 
   9.270000   83.018592   16.965200    0.188864  -16.276591 
   9.280000   83.020481   16.802434    0.187731  -16.278931 
   9.290000   83.022358   16.639645    0.186604  -16.281258 
   9.300000   83.024224   16.476833    0.185485  -16.283570 
   9.310000   83.026079   16.313997    0.184372  -16.285869 
   9.320000   83.027922   16.151138    0.183265  -16.288153 
   9.330000   83.029755   15.988257    0.182166  -16.290425 
   9.340000   83.031577   15.825352    0.181073  -16.292682 
   9.350000   83.033388   15.662426    0.179986  -16.294926 
   9.360000   83.035187   15.499476    0.178906  -16.297156 
   9.370000   83.036976   15.336505    0.177833  -16.299373 
   9.380000   83.038755   15.173511    0.176766  -16.301577 
   9.390000   83.040522   15.010495    0.175705  -16.303768 
   9.400000   83.042279   14.847458    0.174651  -16.305945 
   9.410000   83.044026   14.684398    0.173603  -16.308109 
   9.420000   83.045762   14.521317    0.172562  -16.310261 
   9.430000   83.047488   14.358214    0.171526  -16.312399 
   9.440000   83.049203   14.195090    0.170497  -16.314525 
   9.450000   83.050908   14.031945    0.169474  -16.316638 
   9.460000   83.052603   13.868779    0.168457  -16.318738 
   9.470000   83.054287   13.705591    0.167447  -16.320825 
   9.480000   83.055962   13.542383    0.166442  -16.322900 
   9.490000   83.057626   13.379154    0.165443  -16.324963 
   9.500000   83.059281   13.215905    0.164451  -16.327013 
   9.510000   83.060925   13.052634    0.163464  -16.329051 
   9.520000   83.062560   12.889344    0.162483  -16.331077 
   9.530000   83.064184   12.726033    0.161508  -16.333090 
   9.540000   83.065800   12.562702    0.160539  -16.335092 
   9.550000   83.067405   12.399351    0.159576  -16.337081 
   9.560000   83.069001   12.235981    0.158618  -16.339059 
   9.570000   83.070587   12.072590    0.157667  -16.341024 
   9.580000   83.072164   11.909180    0.156721  -16.342978 
   9.590000   83.073731   11.745750    0.155780  -16.344920 
   9.600000   83.075289   11.582301    0.154846  -16.346851 
   9.610000   83.076837   11.418832    0.153917  -16.348770 
   9.620000   83.078376   11.255344    0.152993  -16.350677 
   9.630000   83.079906   11.091838    0.152075  -16.352573 
   9.640000   83.081427   10.928312    0.151163  -16.354458 
   9.650000   83.082939   10.764767    0.150256  -16.356331 
   9.660000   83.084441   10.601204    0.149354  -16.358193 
   9.670000   83.085935   10.437622    0.148458  -16.360044 
   9.680000   83.087419   10.274022    0.147567  -16.361884 
   9.690000   83.088895   10.110403    0.146682  -16.363712 
   9.700000   83.090362    9.946766    0.145802  -16.365530 
   9.710000   83.091820    9.783110    0.144927  -16.367337 
   9.720000   83.093269    9.619437    0.144057  -16.369133 
   9.730000   83.094710    9.455746    0.143193  -16.370918 
   9.740000   83.096141    9.292037    0.142334  -16.372692 
   9.750000   83.097565    9.128310    0.141480  -16.374456 
   9.760000   83.098980    8.964565    0.140631  -16.376210 
   9.770000   83.100386    8.800803    0.139787  -16.377952 
   9.780000   83.101784    8.637023    0.138949  -16.379685 
   9.790000   83.103173    8.473227    0.138115  -16.381407 
   9.800000   83.104554    8.309413    0.137286  -16.383118 
   9.810000   83.105927    8.145581    0.136462  -16.384819 
   9.820000   83.107292    7.981733    0.135644  -16.386510 
   9.830000   83.108648    7.817868    0.134830  -16.388191 
   9.840000   83.109997    7.653986    0.134021  -16.389862 
   9.850000   83.111337    7.490088    0.133217  -16.391523 
   9.860000   83.112669    7.326172    0.132417  -16.393174 
   9.870000   83.113993    7.162241    0.131623  -16.394815 
   9.880000   83.115309    6.998292    0.130833  -16.396446 
   9.890000   83.116618    6.834328    0.130048  -16.398067 
   9.900000   83.117918    6.670347    0.129268  -16.399679 
   9.910000   83.119211    6.506351    0.128492  -16.401281 
   9.920000   83.120496    6.342338    0.127721  -16.402873 
   9.930000   83.121773    6.178309    0.126955  -16.404456 
   9.940000   83.123043    6.014264    0.126193  -16.406029 
   9.950000   83.124305    5.850204    0.125436  -16.407593 
   9.960000   83.125559    5.686128    0.124684  -16.409147 
   9.970000   83.126806    5.522037    0.123935  -16.410693 
   9.980000   83.128045    5.357930    0.123192  -16.412228 
   9.990000   83.129277    5.193808    0.122453  -16.413755 
  10.000000   83.130502    5.029670    0.121718  -16.415273 
  10.010000   83.131719    4.865517    0.120988  -16.416781 
  10.020000   83.132929    4.701349    0.120262  -16.418280 
  10.030000   83.134131    4.537167    0.119540  -16.419771 
  10.040000   83.135327    4.372969    0.118823  -16.421252 
  10.050000   83.136515    4.208756    0.118110  -16.422724 
  10.060000   83.137696    4.044529    0.117401  -16.424188 
  10.070000   83.138870    3.880287    0.116697  -16.425643 
  10.080000   83.140037    3.716031    0.115997  -16.427089 
  10.090000   83.141197    3.551760    0.115301  -16.428526 
  10.100000   83.142350    3.387475    0.114609  -16.429955 
  10.110000   83.143496    3.223175    0.113921  -16.431376 
  10.120000   83.144635    3.058861    0.113238  -16.432787 
  10.130000   83.145768    2.894534    0.112558  -16.434191 
  10.140000   83.146893    2.730192    0.111883  -16.435585 
  10.150000   83.148012    2.565836    0.111212  -16.436972 
  10.160000   83.149124    2.401466    0.110544  -16.438350 
  10.170000   83.150230    2.237083    0.109881  -16.439720 
  10.180000   83.151328    2.072685    0.109222  -16.441082 
  10.190000   83.152421    1.908275    0.108567  -16.442435 
  10.200000   83.153506    1.743850    0.107915  -16.443781 
  10.210000   83.154585    1.579412    0.107268  -16.445118 
  10.220000   83.155658    1.414961    0.106624  -16.446447 
  10.230000   83.156724    1.250497    0.105984  -16.447769 
  10.240000   83.157784    1.086019    0.105348  -16.449082 
  10.250000   83.158838    0.921528    0.104716  -16.450387 
  10.260000   83.159885    0.757024    0.104088  -16.451685 
  10.270000   83.160926    0.592507    0.103463  -16.452975 
  10.280000   83.161960    0.427978    0.102843  -16.454257 
  10.290000   83.162989    0.263435    0.102226  -16.455532 
  10.300000   83.164011    0.098880    0.101612  -16.456798 
