   0.000000    0.000000    0.000000   50.000019   86.602529 
   0.010000    0.500000    0.866025   49.550019   85.723107 
   0.020000    0.995500    1.723256   49.104069   84.851599 
   0.030000    1.486541    2.571772   48.662132   83.987934 
   0.040000    1.973162    3.411652   48.224173   83.132043 
   0.050000    2.455404    4.242972   47.790155   82.283855 
   0.060000    2.933306    5.065811   47.360044   81.443300 
   0.070000    3.406906    5.880244   46.933803   80.610310 
   0.080000    3.876244    6.686347   46.511399   79.784817 
   0.090000    4.341358    7.484195   46.092797   78.966754 
   0.100000    4.802286    8.273862   45.677961   78.156053 
   0.110000    5.259066    9.055423   45.266860   77.352649 
   0.120000    5.711734    9.828950   44.859458   76.556475 
   0.130000    6.160329   10.594514   44.455723   75.767467 
   0.140000    6.604886   11.352189   44.055621   74.985559 
   0.150000    7.045442   12.102045   43.659121   74.210689 
   0.160000    7.482034   12.844151   43.266189   73.442793 
   0.170000    7.914695   13.578579   42.876793   72.681808 
   0.180000    8.343463   14.305397   42.490902   71.927672 
   0.190000    8.768372   15.024674   42.108484   71.180323 
   0.200000    9.189457   15.736477   41.729507   70.439700 
   0.210000    9.606752   16.440874   41.353942   69.705743 
   0.220000   10.020292   17.137932   40.981756   68.978391 
   0.230000   10.430109   17.827716   40.612921   68.257585 
   0.240000   10.836238   18.510292   40.247404   67.543267 
   0.250000   11.238713   19.185724   39.885178   66.835378 
   0.260000   11.637564   19.854078   39.526211   66.133859 
   0.270000   12.032826   20.515417   39.170475   65.438655 
   0.280000   12.424531   21.169803   38.817941   64.749707 
   0.290000   12.812711   21.817300   38.468579   64.066959 
   0.300000   13.197396   22.457970   38.122362   63.390357 
   0.310000   13.578620   23.091873   37.779261   62.719843 
   0.320000   13.956413   23.719072   37.439248   62.055365 
   0.330000   14.330805   24.339625   37.102294   61.396867 
   0.340000   14.701828   24.953594   36.768374   60.744295 
   0.350000   15.069512   25.561037   36.437458   60.097596 
   0.360000   15.433886   26.162013   36.109521   59.456718 
   0.370000   15.794982   26.756580   35.784535   58.821607 
   0.380000   16.152827   27.344796   35.462475   58.192213 
   0.390000   16.507452   27.926718   35.143312   57.568483 
   0.400000   16.858885   28.502403   34.827023   56.950367 
   0.410000   17.207155   29.071907   34.513579   56.337813 
   0.420000   17.552291   29.635285   34.202957   55.730773 
   0.430000   17.894320   30.192593   33.895131   55.129196 
   0.440000   18.233272   30.743885   33.590074   54.533033 
   0.450000   18.569172   31.289215   33.287764   53.942236 
   0.460000   18.902050   31.828637   32.988174   53.356756 
   0.470000   19.231932   32.362205   32.691280   52.776545 
   0.480000   19.558845   32.889970   32.397059   52.201556 
   0.490000   19.882815   33.411986   32.105485   51.631742 
   0.500000   20.203870   33.928303   31.816536   51.067056 
   0.510000   20.522035   34.438974   31.530187   50.507453 
   0.520000   20.837337   34.944048   31.246415   49.952886 
   0.530000   21.149801   35.443577   30.965198   49.403310 
   0.540000   21.459453   35.937610   30.686511   48.858680 
   0.550000   21.766318   36.426197   30.410332   48.318952 
   0.560000   22.070422   36.909387   30.136639   47.784081 
   0.570000   22.371788   37.387228   29.865409   47.254025 
   0.580000   22.670442   37.859768   29.596621   46.728738 
   0.590000   22.966408   38.327055   29.330251   46.208180 
   0.600000   23.259711   38.789137   29.066279   45.692306 
   0.610000   23.550374   39.246060   28.804682   45.181075 
   0.620000   23.838421   39.697871   28.545440   44.674446 
   0.630000   24.123875   40.144615   28.288531   44.172376 
   0.640000   24.406760   40.586339   28.033935   43.674824 
   0.650000   24.687100   41.023087   27.781629   43.181751 
   0.660000   24.964916   41.454905   27.531594   42.693115 
   0.670000   25.240232   41.881836   27.283810   42.208877 
   0.680000   25.513070   42.303925   27.038256   41.728997 
   0.690000   25.783453   42.721215   26.794912   41.253436 
   0.700000   26.051402   43.133749   26.553757   40.782155 
   0.710000   26.316939   43.541571   26.314774   40.315116 
   0.720000   26.580087   43.944722   26.077941   39.852280 
   0.730000   26.840866   44.343245   25.843239   39.393609 
   0.740000   27.099299   44.737181   25.610650   38.939067 
   0.750000   27.355405   45.126571   25.380154   38.488615 
   0.760000   27.609207   45.511457   25.151733   38.042218 
   0.770000   27.860724   45.891880   24.925367   37.599838 
   0.780000   28.109978   46.267878   24.701039   37.161439 
   0.790000   28.356988   46.639492   24.478729   36.726986 
   0.800000   28.601776   47.006762   24.258421   36.296443 
   0.810000   28.844360   47.369727   24.040095   35.869775 
   0.820000   29.084761   47.728424   23.823734   35.446947 
   0.830000   29.322998   48.082894   23.609321   35.027925 
   0.840000   29.559091   48.433173   23.396837   34.612674 
   0.850000   29.793060   48.779300   23.186265   34.201160 
   0.860000   30.024922   49.121312   22.977589   33.793349 
   0.870000   30.254698   49.459245   22.770791   33.389209 
   0.880000   30.482406   49.793137   22.565853   32.988706 
   0.890000   30.708065   50.123024   22.362761   32.591808 
   0.900000   30.931692   50.448942   22.161496   32.198481 
   0.910000   31.153307   50.770927   21.962042   31.808695 
   0.920000   31.372928   51.089014   21.764384   31.422417 
   0.930000   31.590571   51.403238   21.568505   31.039615 
   0.940000   31.806256   51.713634   21.374388   30.660259 
   0.950000   32.020000   52.020237   21.182019   30.284316 
   0.960000   32.231821   52.323080   20.991380   29.911757 
   0.970000   32.441734   52.622198   20.802458   29.542552 
   0.980000   32.649759   52.917623   20.615236   29.176669 
   0.990000   32.855911   53.209390   20.429699   28.814079 
   1.000000   33.060208   53.497531   20.245831   28.454752 
   1.010000   33.262667   53.782078   20.063619   28.098659 
   1.020000   33.463303   54.063065   19.883046   27.745771 
   1.030000   33.662133   54.340522   19.704099   27.396059 
   1.040000   33.859174   54.614483   19.526762   27.049495 
   1.050000   34.054442   54.884978   19.351021   26.706049 
   1.060000   34.247952   55.152039   19.176862   26.365695 
   1.070000   34.439721   55.415695   19.004270   26.028404 
   1.080000   34.629763   55.675979   18.833232   25.694148 
   1.090000   34.818096   55.932921   18.663733   25.362901 
   1.100000   35.004733   56.186550   18.495759   25.034635 
   1.110000   35.189691   56.436896   18.329297   24.709323 
   1.120000   35.372984   56.683990   18.164334   24.386939 
   1.130000   35.554627   56.927859   18.000855   24.067456 
   1.140000   35.734635   57.168534   17.838847   23.750849 
   1.150000   35.913024   57.406042   17.678297   23.437092 
   1.160000   36.089807   57.640413   17.519193   23.126158 
   1.170000   36.264999   57.871674   17.361520   22.818022 
   1.180000   36.438614   58.099855   17.205266   22.512660 
   1.190000   36.610667   58.324981   17.050419   22.210046 
   1.200000   36.781171   58.547082   16.896965   21.910156 
   1.210000   36.950141   58.766183   16.744892   21.612964 
   1.220000   37.117589   58.982313   16.594188   21.318448 
   1.230000   37.283531   59.195497   16.444841   21.026582 
   1.240000   37.447980   59.405763   16.296837   20.737343 
   1.250000   37.610948   59.613137   16.150166   20.450706 
   1.260000   37.772450   59.817644   16.004814   20.166650 
   1.270000   37.932498   60.019310   15.860771   19.885150 
   1.280000   38.091106   60.218162   15.718024   19.606184 
   1.290000   38.248286   60.414224   15.576562   19.329728 
   1.300000   38.404051   60.607521   15.436373   19.055761 
   1.310000   38.558415   60.798079   15.297445   18.784259 
   1.320000   38.711390   60.985921   15.159768   18.515201 
   1.330000   38.862987   61.171073   15.023330   18.248564 
   1.340000   39.013221   61.353559   14.888120   17.984327 
   1.350000   39.162102   61.533402   14.754127   17.722468 
   1.360000   39.309643   61.710627   14.621340   17.462965 
   1.370000   39.455857   61.885256   14.489748   17.205799 
   1.380000   39.600754   62.057314   14.359340   16.950947 
   1.390000   39.744347   62.226824   14.230106   16.698388 
   1.400000   39.886648   62.393808   14.102035   16.448103 
   1.410000   40.027669   62.558289   13.975117   16.200070 
   1.420000   40.167420   62.720289   13.849341   15.954269 
   1.430000   40.305913   62.879832   13.724697   15.710681 
   1.440000   40.443160   63.036939   13.601175   15.469284 
   1.450000   40.579172   63.191632   13.478764   15.230061 
   1.460000   40.713960   63.343932   13.357455   14.992990 
   1.470000   40.847534   63.493862   13.237238   14.758053 
   1.480000   40.979907   63.641443   13.118103   14.525231 
   1.490000   41.111088   63.786695   13.000040   14.294504 
   1.500000   41.241088   63.929640   12.883040   14.065853 
   1.510000   41.369918   64.070299   12.767092   13.839261 
   1.520000   41.497589   64.208691   12.652188   13.614707 
   1.530000   41.624111   64.344838   12.538319   13.392175 
   1.540000   41.749494   64.478760   12.425474   13.171645 
   1.550000   41.873749   64.610477   12.313645   12.953101 
   1.560000   41.996886   64.740008   12.202822   12.736523 
   1.570000   42.118914   64.867373   12.092996   12.521894 
   1.580000   42.239844   64.992592   11.984159   12.309197 
   1.590000   42.359685   65.115684   11.876302   12.098414 
   1.600000   42.478448   65.236668   11.769415   11.889528 
   1.610000   42.596143   65.355563   11.663491   11.682523 
   1.620000   42.712778   65.472388   11.558519   11.477380 
   1.630000   42.828363   65.587162   11.454492   11.274084 
   1.640000   42.942908   65.699903   11.351402   11.072617 
   1.650000   43.056422   65.810629   11.249239   10.872963 
   1.660000   43.168914   65.919359   11.147996   10.675107 
   1.670000   43.280394   66.026110   11.047664   10.479031 
   1.680000   43.390871   66.130900   10.948235   10.284719 
   1.690000   43.500353   66.233747   10.849701   10.092157 
   1.700000   43.608850   66.334669   10.752054    9.901327 
   1.710000   43.716371   66.433682   10.655285    9.712216 
   1.720000   43.822923   66.530804   10.559388    9.524806 
   1.730000   43.928517   66.626052   10.464353    9.339082 
   1.740000   44.033161   66.719443   10.370174    9.155031 
   1.750000   44.136863   66.810994   10.276843    8.972635 
   1.760000   44.239631   66.900720   10.184351    8.791882 
   1.770000   44.341475   66.988639   10.092692    8.612755 
   1.780000   44.442401   67.074766   10.001858    8.435240 
   1.790000   44.542420   67.159119    9.911841    8.259323 
   1.800000   44.641538   67.241712    9.822634    8.084989 
   1.810000   44.739765   67.322562    9.734231    7.912224 
   1.820000   44.837107   67.401684    9.646623    7.741014 
   1.830000   44.933573   67.479094    9.559803    7.571345 
   1.840000   45.029171   67.554808    9.473765    7.403203 
   1.850000   45.123909   67.628840    9.388501    7.236574 
   1.860000   45.217794   67.701205    9.304004    7.071445 
   1.870000   45.310834   67.771920    9.220268    6.907802 
   1.880000   45.403037   67.840998    9.137286    6.745631 
   1.890000   45.494410   67.908454    9.055050    6.584921 
   1.900000   45.584960   67.974303    8.973555    6.425656 
   1.910000   45.674696   68.038560    8.892793    6.267826 
   1.920000   45.763624   68.101238    8.812758    6.111415 
   1.930000   45.851751   68.162352    8.733443    5.956412 
   1.940000   45.939086   68.221916    8.654842    5.802805 
   1.950000   46.025634   68.279944    8.576948    5.650579 
   1.960000   46.111403   68.336450    8.499756    5.499724 
   1.970000   46.196401   68.391448    8.423258    5.350227 
   1.980000   46.280634   68.444950    8.347449    5.202075 
   1.990000   46.364108   68.496971    8.272322    5.055256 
   2.000000   46.446831   68.547523    8.197871    4.909759 
   2.010000   46.528810   68.596621    8.124090    4.765571 
   2.020000   46.610051   68.644276    8.050973    4.622681 
   2.030000   46.690561   68.690503    7.978514    4.481077 
   2.040000   46.770346   68.735314    7.906708    4.340747 
   2.050000   46.849413   68.778721    7.835547    4.201680 
   2.060000   46.927768   68.820738    7.765027    4.063865 
   2.070000   47.005419   68.861377    7.695142    3.927290 
   2.080000   47.082370   68.900650    7.625886    3.791945 
   2.090000   47.158629   68.938569    7.557253    3.657817 
   2.100000   47.234201   68.975147    7.489238    3.524897 
   2.110000   47.309094   69.010396    7.421834    3.393173 
   2.120000   47.383312   69.044328    7.355038    3.262634 
   2.130000   47.456862   69.076954    7.288843    3.133270 
   2.140000   47.529751   69.108287    7.223243    3.005071 
   2.150000   47.601983   69.138338    7.158234    2.878025 
   2.160000   47.673566   69.167118    7.093810    2.752123 
   2.170000   47.744504   69.194639    7.029965    2.627354 
   2.180000   47.814803   69.220913    6.966696    2.503708 
   2.190000   47.884470   69.245950    6.903996    2.381175 
   2.200000   47.953510   69.269762    6.841860    2.259744 
   2.210000   48.021929   69.292359    6.780283    2.139406 
   2.220000   48.089732   69.313753    6.719260    2.020152 
   2.230000   48.156924   69.333955    6.658787    1.901970 
   2.240000   48.223512   69.352974    6.598858    1.784853 
   2.250000   48.289501   69.370823    6.539468    1.668789 
   2.260000   48.354896   69.387511    6.480613    1.553770 
   2.270000   48.419702   69.403049    6.422287    1.439786 
   2.280000   48.483925   69.417446    6.364487    1.326828 
   2.290000   48.547569   69.430715    6.307206    1.214886 
   2.300000   48.610641   69.442864    6.250442    1.103952 
   2.310000   48.673146   69.453903    6.194188    0.994017 
   2.320000   48.735088   69.463843    6.138440    0.885071 
   2.330000   48.796472   69.472694    6.083194    0.777105 
   2.340000   48.857304   69.480465    6.028445    0.670111 
   2.350000   48.917589   69.487166    5.974189    0.564080 
   2.360000   48.977330   69.492807    5.920421    0.459003 
   2.370000   49.036535   69.497397    5.867138    0.354872 
   2.380000   49.095206   69.500946    5.814333    0.251678 
   2.390000   49.153349   69.503462    5.762004    0.149413 
   2.400000   49.210969   69.504957    5.710146    0.048069 
   2.410000   49.268071   69.505437    5.658755   -0.052364 
   2.420000   49.324658   69.504914    5.607826   -0.151893 
   2.430000   49.380737   69.503395    5.557356   -0.250526 
   2.440000   49.436310   69.500889    5.507340   -0.348271 
   2.450000   49.491384   69.497407    5.457774   -0.445137 
   2.460000   49.545961   69.492955    5.408654   -0.541130 
   2.470000   49.600048   69.487544    5.359976   -0.636260 
   2.480000   49.653648   69.481181    5.311736   -0.730534 
   2.490000   49.706765   69.473876    5.263930   -0.823959 
   2.500000   49.759404   69.465637    5.216555   -0.916543 
   2.510000   49.811570   69.456471    5.169606   -1.008294 
   2.520000   49.863266   69.446388    5.123080   -1.099220 
   2.530000   49.914497   69.435396    5.076972   -1.189327 
   2.540000   49.965266   69.423503    5.031279   -1.278623 
   2.550000   50.015579   69.410716    4.985998   -1.367115 
   2.560000   50.065439   69.397045    4.941124   -1.454811 
   2.570000   50.114850   69.382497    4.896653   -1.541718 
   2.580000   50.163817   69.367080    4.852584   -1.627843 
   2.590000   50.212343   69.350802    4.808910   -1.713192 
   2.600000   50.260432   69.333670    4.765630   -1.797773 
   2.610000   50.308088   69.315692    4.722739   -1.881593 
   2.620000   50.355316   69.296876    4.680235   -1.964659 
   2.630000   50.402118   69.277229    4.638113   -2.046977 
   2.640000   50.448499   69.256760    4.596370   -2.128554 
   2.650000   50.494463   69.235474    4.555002   -2.209397 
   2.660000   50.540013   69.213380    4.514007   -2.289513 
   2.670000   50.585153   69.190485    4.473381   -2.368907 
   2.680000   50.629887   69.166796    4.433121   -2.447587 
   2.690000   50.674218   69.142320    4.393223   -2.525559 
   2.700000   50.718150   69.117064    4.353684   -2.602829 
   2.710000   50.761687   69.091036    4.314501   -2.679403 
   2.720000   50.804832   69.064242    4.275670   -2.755288 
   2.730000   50.847589   69.036689    4.237189   -2.830491 
   2.740000   50.889961   69.008384    4.199054   -2.905016 
   2.750000   50.931951   68.979334    4.161263   -2.978871 
   2.760000   50.973564   68.949545    4.123812   -3.052061 
   2.770000   51.014802   68.919025    4.086697   -3.124593 
   2.780000   51.055669   68.887779    4.049917   -3.196472 
   2.790000   51.096168   68.855814    4.013468   -3.267703 
   2.800000   51.136303   68.823137    3.977346   -3.338294 
   2.810000   51.176076   68.789754    3.941550   -3.408249 
   2.820000   51.215492   68.755672    3.906076   -3.477575 
   2.830000   51.254552   68.720896    3.870922   -3.546277 
   2.840000   51.293262   68.685433    3.836083   -3.614360 
   2.850000   51.331622   68.649290    3.801559   -3.681831 
   2.860000   51.369638   68.612471    3.767345   -3.748695 
   2.870000   51.407311   68.574984    3.733439   -3.814956 
   2.880000   51.444646   68.536835    3.699838   -3.880622 
   2.890000   51.481644   68.498029    3.666539   -3.945696 
   2.900000   51.518310   68.458572    3.633540   -4.010185 
   2.910000   51.554645   68.418470    3.600838   -4.074093 
   2.920000   51.590653   68.377729    3.568431   -4.137426 
   2.930000   51.626338   68.336355    3.536315   -4.200190 
   2.940000   51.661701   68.294353    3.504488   -4.262388 
   2.950000   51.696746   68.251729    3.472948   -4.324026 
   2.960000   51.731475   68.208489    3.441691   -4.385110 
   2.970000   51.765892   68.164637    3.410716   -4.445644 
   2.980000   51.799999   68.120181    3.380019   -4.505633 
   2.990000   51.833800   68.075125    3.349599   -4.565083 
   3.000000   51.867295   68.029474    3.319453   -4.623997 
   3.010000   51.900490   67.983234    3.289578   -4.682381 
   3.020000   51.933386   67.936410    3.259972   -4.740240 
   3.030000   51.965986   67.889008    3.230632   -4.797577 
   3.040000   51.998292   67.841032    3.201556   -4.854399 
   3.050000   52.030307   67.792488    3.172742   -4.910710 
   3.060000   52.062035   67.743381    3.144188   -4.966513 
   3.070000   52.093477   67.693716    3.115890   -5.021815 
   3.080000   52.124636   67.643498    3.087847   -5.076618 
   3.090000   52.155514   67.592731    3.060056   -5.130929 
   3.100000   52.186115   67.541422    3.032516   -5.184750 
   3.110000   52.216440   67.489575    3.005223   -5.238088 
   3.120000   52.246492   67.437194    2.978176   -5.290945 
   3.130000   52.276274   67.384284    2.951372   -5.343326 
   3.140000   52.305787   67.330851    2.924810   -5.395236 
   3.150000   52.335036   67.276899    2.898487   -5.446679 
   3.160000   52.364020   67.222432    2.872400   -5.497659 
   3.170000   52.392744   67.167455    2.846549   -5.548180 
   3.180000   52.421210   67.111973    2.820930   -5.598247 
   3.190000   52.449419   67.055991    2.795542   -5.647862 
   3.200000   52.477375   66.999512    2.770382   -5.697032 
   3.210000   52.505078   66.942542    2.745448   -5.745758 
   3.220000   52.532533   66.885084    2.720739   -5.794046 
   3.230000   52.559740   66.827144    2.696253   -5.841900 
   3.240000   52.586703   66.768725    2.671986   -5.889323 
   3.250000   52.613423   66.709832    2.647938   -5.936319 
   3.260000   52.639902   66.650469    2.624107   -5.982892 
   3.270000   52.666143   66.590640    2.600490   -6.029046 
   3.280000   52.692148   66.530349    2.577086   -6.074785 
   3.290000   52.717919   66.469601    2.553892   -6.120112 
   3.300000   52.743458   66.408400    2.530907   -6.165031 
   3.310000   52.768767   66.346750    2.508129   -6.209545 
   3.320000   52.793848   66.284654    2.485555   -6.253659 
   3.330000   52.818704   66.222118    2.463185   -6.297377 
   3.340000   52.843336   66.159144    2.441017   -6.340700 
   3.350000   52.867746   66.095737    2.419048   -6.383634 
   3.360000   52.891936   66.031901    2.397276   -6.426181 
   3.370000   52.915909   65.967639    2.375701   -6.468346 
   3.380000   52.939666   65.902955    2.354319   -6.510130 
   3.390000   52.963209   65.837854    2.333131   -6.551539 
   3.400000   52.986541   65.772339    2.312132   -6.592575 
   3.410000   53.009662   65.706413    2.291323   -6.633242 
   3.420000   53.032575   65.640081    2.270701   -6.673543 
   3.430000   53.055282   65.573345    2.250265   -6.713481 
   3.440000   53.077785   65.506210    2.230013   -6.753060 
   3.450000   53.100085   65.438680    2.209942   -6.792282 
   3.460000   53.122184   65.370757    2.190053   -6.831152 
   3.470000   53.144085   65.302445    2.170342   -6.869671 
   3.480000   53.165788   65.233749    2.150809   -6.907844 
   3.490000   53.187296   65.164670    2.131452   -6.945674 
   3.500000   53.208611   65.095214    2.112269   -6.983163 
   3.510000   53.229734   65.025382    2.093259   -7.020314 
   3.520000   53.250666   64.955179    2.074419   -7.057131 
   3.530000   53.271410   64.884607    2.055750   -7.093617 
   3.540000   53.291968   64.813671    2.037248   -7.129775 
   3.550000   53.312340   64.742374    2.018913   -7.165607 
   3.560000   53.332529   64.670717    2.000742   -7.201116 
   3.570000   53.352537   64.598706    1.982736   -7.236306 
   3.580000   53.372364   64.526343    1.964891   -7.271179 
   3.590000   53.392013   64.453631    1.947207   -7.305739 
   3.600000   53.411485   64.380574    1.929682   -7.339987 
   3.610000   53.430782   64.307174    1.912315   -7.373927 
   3.620000   53.449905   64.233435    1.895104   -7.407562 
   3.630000   53.468856   64.159359    1.878048   -7.440894 
   3.640000   53.487637   64.084950    1.861146   -7.473926 
   3.650000   53.506248   64.010211    1.844396   -7.506660 
   3.660000   53.524692   63.935144    1.827796   -7.539101 
   3.670000   53.542970   63.859753    1.811346   -7.571249 
   3.680000   53.561084   63.784041    1.795044   -7.603107 
   3.690000   53.579034   63.708010    1.778888   -7.634679 
   3.700000   53.596823   63.631663    1.762878   -7.665967 
   3.710000   53.614452   63.555003    1.747012   -7.696974 
   3.720000   53.631922   63.478034    1.731289   -7.727701 
   3.730000   53.649235   63.400757    1.715708   -7.758152 
   3.740000   53.666392   63.323175    1.700266   -7.788328 
   3.750000   53.683394   63.245292    1.684964   -7.818233 
   3.760000   53.700244   63.167110    1.669799   -7.847869 
   3.770000   53.716942   63.088631    1.654771   -7.877238 
   3.780000   53.733490   63.009858    1.639878   -7.906343 
   3.790000   53.749889   62.930795    1.625119   -7.935186 
   3.800000   53.766140   62.851443    1.610493   -7.963769 
   3.810000   53.782245   62.771806    1.595999   -7.992095 
   3.820000   53.798205   62.691885    1.581635   -8.020167 
   3.830000   53.814021   62.611683    1.567400   -8.047985 
   3.840000   53.829695   62.531203    1.553293   -8.075553 
   3.850000   53.845228   62.450447    1.539314   -8.102873 
   3.860000   53.860621   62.369419    1.525460   -8.129947 
   3.870000   53.875876   62.288119    1.511731   -8.156778 
   3.880000   53.890993   62.206552    1.498125   -8.183367 
   3.890000   53.905974   62.124718    1.484642   -8.209717 
   3.900000   53.920821   62.042621    1.471280   -8.235829 
   3.910000   53.935533   61.960262    1.458039   -8.261707 
   3.920000   53.950114   61.877645    1.444916   -8.287351 
   3.930000   53.964563   61.794772    1.431912   -8.312765 
   3.940000   53.978882   61.711644    1.419025   -8.337950 
   3.950000   53.993072   61.628265    1.406254   -8.362909 
   3.960000   54.007135   61.544636    1.393597   -8.387643 
   3.970000   54.021071   61.460759    1.381055   -8.412154 
   3.980000   54.034881   61.376638    1.368626   -8.436444 
   3.990000   54.048568   61.292273    1.356308   -8.460516 
   4.000000   54.062131   61.207668    1.344101   -8.484372 
   4.010000   54.075572   61.122824    1.332004   -8.508012 
   4.020000   54.088892   61.037744    1.320016   -8.531440 
   4.030000   54.102092   60.952430    1.308136   -8.554657 
   4.040000   54.115173   60.866883    1.296363   -8.577665 
   4.050000   54.128137   60.781107    1.284696   -8.600466 
   4.060000   54.140984   60.695102    1.273133   -8.623062 
   4.070000   54.153715   60.608871    1.261675   -8.645455 
   4.080000   54.166332   60.522417    1.250320   -8.667646 
   4.090000   54.178835   60.435740    1.239067   -8.689637 
   4.100000   54.191226   60.348844    1.227916   -8.711430 
   4.110000   54.203505   60.261730    1.216864   -8.733027 
   4.120000   54.215674   60.174399    1.205913   -8.754430 
   4.130000   54.227733   60.086855    1.195059   -8.775640 
   4.140000   54.239683   59.999099    1.184304   -8.796659 
   4.150000   54.251526   59.911132    1.173645   -8.817489 
   4.160000   54.263263   59.822957    1.163082   -8.838132 
   4.170000   54.274894   59.734576    1.152615   -8.858589 
   4.180000   54.286420   59.645990    1.142241   -8.878861 
   4.190000   54.297842   59.557201    1.131961   -8.898952 
   4.200000   54.309162   59.468212    1.121773   -8.918861 
   4.210000   54.320380   59.379023    1.111677   -8.938591 
   4.220000   54.331496   59.289637    1.101672   -8.958144 
   4.230000   54.342513   59.200056    1.091757   -8.977521 
   4.240000   54.353431   59.110281    1.081931   -8.996723 
   4.250000   54.364250   59.020313    1.072194   -9.015753 
   4.260000   54.374972   58.930156    1.062544   -9.034611 
   4.270000   54.385597   58.839810    1.052981   -9.053299 
   4.280000   54.396127   58.749277    1.043504   -9.071820 
   4.290000   54.406562   58.658559    1.034113   -9.090173 
   4.300000   54.416903   58.567657    1.024806   -9.108362 
   4.310000   54.427151   58.476573    1.015583   -9.126386 
   4.320000   54.437307   58.385309    1.006442   -9.144249 
   4.330000   54.447372   58.293867    0.997384   -9.161951 
   4.340000   54.457346   58.202247    0.988408   -9.179493 
   4.350000   54.467230   58.110452    0.979512   -9.196878 
   4.360000   54.477025   58.018484    0.970697   -9.214106 
   4.370000   54.486732   57.926343    0.961960   -9.231179 
   4.380000   54.496351   57.834031    0.953303   -9.248098 
   4.390000   54.505884   57.741550    0.944723   -9.264865 
   4.400000   54.515332   57.648901    0.936220   -9.281482 
   4.410000   54.524694   57.556086    0.927795   -9.297948 
   4.420000   54.533972   57.463107    0.919444   -9.314267 
   4.430000   54.543166   57.369964    0.911169   -9.330438 
   4.440000   54.552278   57.276660    0.902969   -9.346464 
   4.450000   54.561308   57.183195    0.894842   -9.362346 
   4.460000   54.570256   57.089572    0.886789   -9.378085 
   4.470000   54.579124   56.995791    0.878807   -9.393682 
   4.480000   54.587912   56.901854    0.870898   -9.409139 
   4.490000   54.596621   56.807763    0.863060   -9.424457 
   4.500000   54.605251   56.713518    0.855293   -9.439637 
   4.510000   54.613804   56.619122    0.847595   -9.454680 
   4.520000   54.622280   56.524575    0.839967   -9.469588 
   4.530000   54.630680   56.429879    0.832407   -9.484362 
   4.540000   54.639004   56.335035    0.824915   -9.499002 
   4.550000   54.647253   56.240045    0.817491   -9.513511 
   4.560000   54.655428   56.144910    0.810134   -9.527890 
   4.570000   54.663529   56.049631    0.802842   -9.542139 
   4.580000   54.671558   55.954210    0.795617   -9.556259 
   4.590000   54.679514   55.858647    0.788456   -9.570253 
   4.600000   54.687399   55.762945    0.781360   -9.584121 
   4.610000   54.695212   55.667104    0.774328   -9.597864 
   4.620000   54.702956   55.571125    0.767359   -9.611483 
   4.630000   54.710629   55.475010    0.760453   -9.624980 
   4.640000   54.718234   55.378760    0.753609   -9.638355 
   4.650000   54.725770   55.282377    0.746826   -9.651610 
   4.660000   54.733238   55.185861    0.740105   -9.664745 
   4.670000   54.740639   55.089213    0.733444   -9.677762 
   4.680000   54.747973   54.992436    0.726843   -9.690663 
   4.690000   54.755242   54.895529    0.720301   -9.703447 
   4.700000   54.762445   54.798495    0.713818   -9.716116 
   4.710000   54.769583   54.701333    0.707394   -9.728671 
   4.720000   54.776657   54.604047    0.701028   -9.741113 
   4.730000   54.783667   54.506636    0.694718   -9.753443 
   4.740000   54.790614   54.409101    0.688466   -9.765662 
   4.750000   54.797499   54.311445    0.682270   -9.777771 
   4.760000   54.804322   54.213667    0.676129   -9.789771 
   4.770000   54.811083   54.115769    0.670044   -9.801663 
   4.780000   54.817784   54.017752    0.664014   -9.813448 
   4.790000   54.824424   53.919618    0.658038   -9.825127 
   4.800000   54.831004   53.821367    0.652115   -9.836701 
   4.810000   54.837525   53.723000    0.646246   -9.848170 
   4.820000   54.843988   53.624518    0.640430   -9.859537 
   4.830000   54.850392   53.525923    0.634666   -9.870801 
   4.840000   54.856739   53.427215    0.628954   -9.881964 
   4.850000   54.863028   53.328395    0.623293   -9.893026 
   4.860000   54.869261   53.229465    0.617684   -9.903989 
   4.870000   54.875438   53.130425    0.612125   -9.914853 
   4.880000   54.881559   53.031276    0.606616   -9.925619 
   4.890000   54.887625   52.932020    0.601156   -9.936289 
   4.900000   54.893637   52.832657    0.595746   -9.946862 
   4.910000   54.899594   52.733189    0.590384   -9.957340 
   4.920000   54.905498   52.633615    0.585070   -9.967724 
   4.930000   54.911349   52.533938    0.579805   -9.978015 
   4.940000   54.917147   52.434158    0.574587   -9.988213 
   4.950000   54.922893   52.334276    0.569415   -9.998319 
   4.960000   54.928587   52.234293    0.564291  -10.008334 
   4.970000   54.934230   52.134209    0.559212  -10.018259 
   4.980000   54.939822   52.034027    0.554179  -10.028094 
   4.990000   54.945364   51.933746    0.549191  -10.037842 
   5.000000   54.950856   51.833367    0.544249  -10.047501 
   5.010000   54.956298   51.732892    0.539350  -10.057074 
   5.020000   54.961692   51.632322    0.534496  -10.066560 
   5.030000   54.967037   51.531656    0.529686  -10.075961 
   5.040000   54.972334   51.430896    0.524919  -10.085277 
   5.050000   54.977583   51.330044    0.520194  -10.094510 
   5.060000   54.982785   51.229098    0.515513  -10.103659 
   5.070000   54.987940   51.128062    0.510873  -10.112726 
   5.080000   54.993049   51.026935    0.506275  -10.121712 
   5.090000   54.998111   50.925717    0.501719  -10.130616 
   5.100000   55.003128   50.824411    0.497203  -10.139441 
   5.110000   55.008101   50.723017    0.492728  -10.148186 
   5.120000   55.013028   50.621535    0.488294  -10.156852 
   5.130000   55.017911   50.519967    0.483899  -10.165440 
   5.140000   55.022750   50.418312    0.479544  -10.173951 
   5.150000   55.027545   50.316573    0.475228  -10.182386 
   5.160000   55.032297   50.214749    0.470951  -10.190744 
   5.170000   55.037007   50.112841    0.466713  -10.199028 
   5.180000   55.041674   50.010851    0.462512  -10.207236 
   5.190000   55.046299   49.908779    0.458350  -10.215371 
   5.200000   55.050883   49.806625    0.454224  -10.223433 
   5.210000   55.055425   49.704391    0.450136  -10.231422 
   5.220000   55.059926   49.602076    0.446085  -10.239339 
   5.230000   55.064387   49.499683    0.442070  -10.247185 
   5.240000   55.068808   49.397211    0.438092  -10.254961 
   5.250000   55.073189   49.294662    0.434149  -10.262666 
   5.260000   55.077530   49.192035    0.430242  -10.270302 
   5.270000   55.081833   49.089332    0.426369  -10.277869 
   5.280000   55.086096   48.986553    0.422532  -10.285368 
   5.290000   55.090322   48.883699    0.418729  -10.292800 
   5.300000   55.094509   48.780771    0.414961  -10.300165 
   5.310000   55.098659   48.677770    0.411226  -10.307463 
   5.320000   55.102771   48.574695    0.407525  -10.314696 
   5.330000   55.106846   48.471548    0.403857  -10.321864 
   5.340000   55.110885   48.368330    0.400223  -10.328967 
   5.350000   55.114887   48.265040    0.396621  -10.336006 
   5.360000   55.118853   48.161680    0.393051  -10.342982 
   5.370000   55.122784   48.058250    0.389514  -10.349896 
   5.380000   55.126679   47.954751    0.386008  -10.356746 
   5.390000   55.130539   47.851184    0.382534  -10.363536 
   5.400000   55.134364   47.747548    0.379091  -10.370264 
   5.410000   55.138155   47.643846    0.375679  -10.376932 
   5.420000   55.141912   47.540076    0.372298  -10.383539 
   5.430000   55.145635   47.436241    0.368947  -10.390087 
   5.440000   55.149324   47.332340    0.365627  -10.396577 
   5.450000   55.152981   47.228374    0.362336  -10.403007 
   5.460000   55.156604   47.124344    0.359075  -10.409380 
   5.470000   55.160195   47.020250    0.355844  -10.415696 
   5.480000   55.163753   46.916093    0.352641  -10.421955 
   5.490000   55.167280   46.811874    0.349467  -10.428157 
   5.500000   55.170774   46.707592    0.346322  -10.434304 
   5.510000   55.174237   46.603249    0.343205  -10.440395 
   5.520000   55.177670   46.498845    0.340116  -10.446431 
   5.530000   55.181071   46.394381    0.337055  -10.452413 
   5.540000   55.184441   46.289857    0.334022  -10.458342 
   5.550000   55.187781   46.185273    0.331016  -10.464217 
   5.560000   55.191092   46.080631    0.328036  -10.470039 
   5.570000   55.194372   45.975931    0.325084  -10.475808 
   5.580000   55.197623   45.871173    0.322158  -10.481526 
   5.590000   55.200844   45.766358    0.319259  -10.487192 
   5.600000   55.204037   45.661486    0.316386  -10.492808 
   5.610000   55.207201   45.556558    0.313538  -10.498372 
   5.620000   55.210336   45.451574    0.310716  -10.503887 
   5.630000   55.213443   45.346535    0.307920  -10.509352 
   5.640000   55.216523   45.241441    0.305149  -10.514768 
   5.650000   55.219574   45.136294    0.302402  -10.520135 
   5.660000   55.222598   45.031092    0.299681  -10.525454 
   5.670000   55.225595   44.925838    0.296983  -10.530725 
   5.680000   55.228565   44.820531    0.294311  -10.535948 
   5.690000   55.231508   44.715171    0.291662  -10.541125 
   5.700000   55.234424   44.609760    0.289037  -10.546254 
   5.710000   55.237315   44.504297    0.286436  -10.551338 
   5.720000   55.240179   44.398784    0.283858  -10.556376 
   5.730000   55.243018   44.293220    0.281303  -10.561369 
   5.740000   55.245831   44.187607    0.278771  -10.566316 
   5.750000   55.248618   44.081943    0.276262  -10.571220 
   5.760000   55.251381   43.976231    0.273776  -10.576079 
   5.770000   55.254119   43.870470    0.271312  -10.580894 
   5.780000   55.256832   43.764661    0.268870  -10.585666 
   5.790000   55.259521   43.658805    0.266450  -10.590395 
   5.800000   55.262185   43.552901    0.264052  -10.595081 
   5.810000   55.264826   43.446950    0.261676  -10.599726 
   5.820000   55.267442   43.340953    0.259321  -10.604328 
   5.830000   55.270036   43.234910    0.256987  -10.608889 
   5.840000   55.272606   43.128821    0.254674  -10.613409 
   5.850000   55.275152   43.022687    0.252382  -10.617888 
   5.860000   55.277676   42.916508    0.250110  -10.622327 
   5.870000   55.280177   42.810284    0.247859  -10.626726 
   5.880000   55.282656   42.704017    0.245629  -10.631086 
   5.890000   55.285112   42.597706    0.243418  -10.635406 
   5.900000   55.287546   42.491352    0.241227  -10.639687 
   5.910000   55.289959   42.384955    0.239056  -10.643930 
   5.920000   55.292349   42.278516    0.236905  -10.648135 
   5.930000   55.294718   42.172035    0.234773  -10.652302 
   5.940000   55.297066   42.065512    0.232660  -10.656431 
   5.950000   55.299392   41.958947    0.230566  -10.660523 
   5.960000   55.301698   41.852342    0.228491  -10.664578 
   5.970000   55.303983   41.745696    0.226434  -10.668597 
   5.980000   55.306247   41.639010    0.224396  -10.672580 
   5.990000   55.308491   41.532285    0.222377  -10.676527 
   6.000000   55.310715   41.425519    0.220375  -10.680438 
   6.010000   55.312919   41.318715    0.218392  -10.684314 
   6.020000   55.315103   41.211872    0.216426  -10.688155 
   6.030000   55.317267   41.104990    0.214479  -10.691962 
   6.040000   55.319412   40.998071    0.212548  -10.695734 
   6.050000   55.321537   40.891113    0.210635  -10.699472 
   6.060000   55.323644   40.784119    0.208740  -10.703177 
   6.070000   55.325731   40.677087    0.206861  -10.706849 
   6.080000   55.327800   40.570018    0.204999  -10.710487 
   6.090000   55.329850   40.462913    0.203154  -10.714093 
   6.100000   55.331881   40.355772    0.201326  -10.717666 
   6.110000   55.333894   40.248596    0.199514  -10.721207 
   6.120000   55.335890   40.141384    0.197718  -10.724716 
   6.130000   55.337867   40.034137    0.195939  -10.728193 
   6.140000   55.339826   39.926855    0.194175  -10.731640 
   6.150000   55.341768   39.819538    0.192428  -10.735055 
   6.160000   55.343692   39.712188    0.190696  -10.738439 
   6.170000   55.345599   39.604803    0.188980  -10.741794 
   6.180000   55.347489   39.497385    0.187279  -10.745117 
   6.190000   55.349362   39.389934    0.185593  -10.748411 
   6.200000   55.351218   39.282450    0.183923  -10.751676 
   6.210000   55.353057   39.174933    0.182268  -10.754911 
   6.220000   55.354880   39.067384    0.180627  -10.758116 
   6.230000   55.356686   38.959803    0.179002  -10.761293 
   6.240000   55.358476   38.852190    0.177391  -10.764442 
   6.250000   55.360250   38.744546    0.175794  -10.767562 
   6.260000   55.362008   38.636870    0.174212  -10.770654 
   6.270000   55.363750   38.529164    0.172644  -10.773718 
   6.280000   55.365476   38.421426    0.171090  -10.776754 
   6.290000   55.367187   38.313659    0.169550  -10.779763 
   6.300000   55.368883   38.205861    0.168024  -10.782746 
   6.310000   55.370563   38.098034    0.166512  -10.785701 
   6.320000   55.372228   37.990177    0.165014  -10.788630 
   6.330000   55.373878   37.882290    0.163529  -10.791532 
   6.340000   55.375513   37.774375    0.162057  -10.794408 
   6.350000   55.377134   37.666431    0.160598  -10.797258 
   6.360000   55.378740   37.558458    0.159153  -10.800083 
   6.370000   55.380332   37.450458    0.157720  -10.802882 
   6.380000   55.381909   37.342429    0.156301  -10.805656 
   6.390000   55.383472   37.234372    0.154894  -10.808406 
   6.400000   55.385021   37.126288    0.153500  -10.811130 
   6.410000   55.386556   37.018177    0.152119  -10.813830 
   6.420000   55.388077   36.910039    0.150750  -10.816505 
   6.430000   55.389584   36.801874    0.149393  -10.819157 
   6.440000   55.391078   36.693682    0.148048  -10.821784 
   6.450000   55.392559   36.585464    0.146716  -10.824388 
   6.460000   55.394026   36.477220    0.145396  -10.826969 
   6.470000   55.395480   36.368951    0.144087  -10.829526 
   6.480000   55.396921   36.260655    0.142790  -10.832060 
   6.490000   55.398349   36.152335    0.141505  -10.834572 
   6.500000   55.399764   36.043989    0.140232  -10.837061 
   6.510000   55.401166   35.935618    0.138969  -10.839527 
   6.520000   55.402556   35.827223    0.137719  -10.841971 
   6.530000   55.403933   35.718803    0.136479  -10.844394 
   6.540000   55.405298   35.610359    0.135251  -10.846794 
   6.550000   55.406650   35.501892    0.134034  -10.849173 
   6.560000   55.407991   35.393400    0.132827  -10.851530 
   6.570000   55.409319   35.284884    0.131632  -10.853867 
   6.580000   55.410635   35.176346    0.130447  -10.856182 
   6.590000   55.411940   35.067784    0.129273  -10.858476 
   6.600000   55.413232   34.959199    0.128110  -10.860750 
   6.610000   55.414513   34.850592    0.126957  -10.863003 
   6.620000   55.415783   34.741962    0.125814  -10.865236 
   6.630000   55.417041   34.633309    0.124682  -10.867449 
   6.640000   55.418288   34.524635    0.123560  -10.869642 
   6.650000   55.419524   34.415938    0.122448  -10.871815 
   6.660000   55.420748   34.307220    0.121346  -10.873969 
   6.670000   55.421962   34.198481    0.120253  -10.876103 
   6.680000   55.423164   34.089720    0.119171  -10.878218 
   6.690000   55.424356   33.980937    0.118099  -10.880314 
   6.700000   55.425537   33.872134    0.117036  -10.882391 
   6.710000   55.426707   33.763310    0.115982  -10.884450 
   6.720000   55.427867   33.654466    0.114939  -10.886490 
   6.730000   55.429016   33.545601    0.113904  -10.888511 
   6.740000   55.430155   33.436716    0.112879  -10.890515 
   6.750000   55.431284   33.327811    0.111863  -10.892500 
   6.760000   55.432403   33.218886    0.110856  -10.894468 
   6.770000   55.433511   33.109941    0.109859  -10.896417 
   6.780000   55.434610   33.000977    0.108870  -10.898350 
   6.790000   55.435699   32.891993    0.107890  -10.900265 
   6.800000   55.436778   32.782991    0.106919  -10.902162 
   6.810000   55.437847   32.673969    0.105957  -10.904043 
   6.820000   55.438906   32.564929    0.105003  -10.905906 
   6.830000   55.439956   32.455870    0.104058  -10.907753 
   6.840000   55.440997   32.346792    0.103122  -10.909583 
   6.850000   55.442028   32.237696    0.102194  -10.911397 
   6.860000   55.443050   32.128582    0.101274  -10.913195 
   6.870000   55.444063   32.019450    0.100362  -10.914976 
   6.880000   55.445066   31.910301    0.099459  -10.916741 
   6.890000   55.446061   31.801133    0.098564  -10.918490 
   6.900000   55.447047   31.691948    0.097677  -10.920224 
   6.910000   55.448023   31.582746    0.096798  -10.921942 
   6.920000   55.448991   31.473527    0.095927  -10.923644 
   6.930000   55.449951   31.364290    0.095063  -10.925332 
   6.940000   55.450901   31.255037    0.094208  -10.927004 
   6.950000   55.451843   31.145767    0.093360  -10.928661 
   6.960000   55.452777   31.036480    0.092520  -10.930303 
   6.970000   55.453702   30.927177    0.091687  -10.931930 
   6.980000   55.454619   30.817858    0.090862  -10.933543 
   6.990000   55.455528   30.708522    0.090044  -10.935141 
   7.000000   55.456428   30.599171    0.089234  -10.936724 
   7.010000   55.457320   30.489804    0.088430  -10.938294 
   7.020000   55.458205   30.380421    0.087635  -10.939849 
   7.030000   55.459081   30.271022    0.086846  -10.941391 
   7.040000   55.459950   30.161608    0.086064  -10.942918 
   7.050000   55.460810   30.052179    0.085290  -10.944432 
   7.060000   55.461663   29.942735    0.084522  -10.945932 
   7.070000   55.462508   29.833276    0.083761  -10.947419 
   7.080000   55.463346   29.723801    0.083008  -10.948892 
   7.090000   55.464176   29.614313    0.082260  -10.950352 
   7.100000   55.464999   29.504809    0.081520  -10.951799 
   7.110000   55.465814   29.395291    0.080786  -10.953232 
   7.120000   55.466622   29.285759    0.080059  -10.954653 
   7.130000   55.467422   29.176212    0.079339  -10.956061 
   7.140000   55.468216   29.066652    0.078625  -10.957457 
   7.150000   55.469002   28.957077    0.077917  -10.958840 
   7.160000   55.469781   28.847489    0.077216  -10.960210 
   7.170000   55.470553   28.737886    0.076521  -10.961568 
   7.180000   55.471318   28.628271    0.075832  -10.962914 
   7.190000   55.472077   28.518642    0.075150  -10.964248 
   7.200000   55.472828   28.408999    0.074473  -10.965570 
   7.210000   55.473573   28.299343    0.073803  -10.966880 
   7.220000   55.474311   28.189675    0.073139  -10.968178 
   7.230000   55.475042   28.079993    0.072481  -10.969464 
   7.240000   55.475767   27.970298    0.071828  -10.970739 
   7.250000   55.476486   27.860591    0.071182  -10.972002 
   7.260000   55.477197   27.750871    0.070541  -10.973254 
   7.270000   55.477903   27.641138    0.069906  -10.974495 
   7.280000   55.478602   27.531393    0.069277  -10.975725 
   7.290000   55.479295   27.421636    0.068654  -10.976943 
   7.300000   55.479981   27.311867    0.068036  -10.978151 
   7.310000   55.480661   27.202085    0.067424  -10.979347 
   7.320000   55.481336   27.092292    0.066817  -10.980533 
   7.330000   55.482004   26.982486    0.066215  -10.981708 
   7.340000   55.482666   26.872669    0.065619  -10.982873 
   7.350000   55.483322   26.762841    0.065029  -10.984027 
   7.360000   55.483973   26.653000    0.064444  -10.985171 
   7.370000   55.484617   26.543149    0.063864  -10.986304 
   7.380000   55.485256   26.433286    0.063289  -10.987427 
   7.390000   55.485888   26.323411    0.062719  -10.988541 
   7.400000   55.486516   26.213526    0.062155  -10.989644 
   7.410000   55.487137   26.103629    0.061595  -10.990737 
   7.420000   55.487753   25.993722    0.061041  -10.991820 
   7.430000   55.488364   25.883804    0.060492  -10.992894 
   7.440000   55.488968   25.773875    0.059947  -10.993958 
   7.450000   55.489568   25.663935    0.059408  -10.995012 
   7.460000   55.490162   25.553985    0.058873  -10.996057 
   7.470000   55.490751   25.444025    0.058343  -10.997093 
   7.480000   55.491334   25.334054    0.057818  -10.998119 
   7.490000   55.491912   25.224073    0.057298  -10.999136 
   7.500000   55.492485   25.114081    0.056782  -11.000144 
   7.510000   55.493053   25.004080    0.056271  -11.001142 
   7.520000   55.493616   24.894068    0.055765  -11.002132 
   7.530000   55.494174   24.784047    0.055263  -11.003113 
   7.540000   55.494726   24.674016    0.054765  -11.004085 
   7.550000   55.495274   24.563975    0.054272  -11.005048 
   7.560000   55.495817   24.453925    0.053784  -11.006003 
   7.570000   55.496354   24.343864    0.053300  -11.006949 
   7.580000   55.496887   24.233795    0.052820  -11.007886 
   7.590000   55.497416   24.123716    0.052345  -11.008815 
   7.600000   55.497939   24.013628    0.051874  -11.009736 
   7.610000   55.498458   23.903531    0.051407  -11.010648 
   7.620000   55.498972   23.793424    0.050944  -11.011552 
   7.630000   55.499481   23.683309    0.050486  -11.012448 
   7.640000   55.499986   23.573184    0.050031  -11.013336 
   7.650000   55.500486   23.463051    0.049581  -11.014216 
   7.660000   55.500982   23.352909    0.049135  -11.015088 
   7.670000   55.501474   23.242758    0.048693  -11.015952 
   7.680000   55.501961   23.132598    0.048254  -11.016809 
   7.690000   55.502443   23.022430    0.047820  -11.017658 
   7.700000   55.502921   22.912254    0.047390  -11.018499 
   7.710000   55.503395   22.802069    0.046963  -11.019332 
   7.720000   55.503865   22.691875    0.046541  -11.020158 
   7.730000   55.504330   22.581674    0.046122  -11.020977 
   7.740000   55.504791   22.471464    0.045707  -11.021788 
   7.750000   55.505248   22.361246    0.045295  -11.022592 
   7.760000   55.505701   22.251020    0.044888  -11.023389 
   7.770000   55.506150   22.140786    0.044484  -11.024178 
   7.780000   55.506595   22.030544    0.044083  -11.024960 
   7.790000   55.507036   21.920295    0.043686  -11.025736 
   7.800000   55.507473   21.810037    0.043293  -11.026504 
   7.810000   55.507906   21.699772    0.042904  -11.027266 
   7.820000   55.508335   21.589500    0.042518  -11.028020 
   7.830000   55.508760   21.479220    0.042135  -11.028768 
   7.840000   55.509181   21.368932    0.041756  -11.029509 
   7.850000   55.509599   21.258637    0.041380  -11.030244 
   7.860000   55.510013   21.148334    0.041007  -11.030971 
   7.870000   55.510423   21.038025    0.040638  -11.031693 
   7.880000   55.510829   20.927708    0.040273  -11.032407 
   7.890000   55.511232   20.817384    0.039910  -11.033116 
   7.900000   55.511631   20.707052    0.039551  -11.033818 
   7.910000   55.512026   20.596714    0.039195  -11.034513 
   7.920000   55.512418   20.486369    0.038842  -11.035203 
   7.930000   55.512807   20.376017    0.038493  -11.035886 
   7.940000   55.513192   20.265658    0.038146  -11.036563 
   7.950000   55.513573   20.155293    0.037803  -11.037234 
   7.960000   55.513951   20.044920    0.037463  -11.037899 
   7.970000   55.514326   19.934541    0.037126  -11.038558 
   7.980000   55.514697   19.824156    0.036791  -11.039211 
   7.990000   55.515065   19.713764    0.036460  -11.039858 
   8.000000   55.515430   19.603365    0.036132  -11.040499 
   8.010000   55.515791   19.492960    0.035807  -11.041135 
   8.020000   55.516149   19.382549    0.035485  -11.041764 
   8.030000   55.516504   19.272131    0.035165  -11.042388 
   8.040000   55.516856   19.161707    0.034849  -11.043007 
   8.050000   55.517204   19.051277    0.034535  -11.043620 
   8.060000   55.517549   18.940841    0.034224  -11.044227 
   8.070000   55.517892   18.830399    0.033916  -11.044829 
   8.080000   55.518231   18.719950    0.033611  -11.045426 
   8.090000   55.518567   18.609496    0.033309  -11.046017 
   8.100000   55.518900   18.499036    0.033009  -11.046603 
   8.110000   55.519230   18.388570    0.032712  -11.047183 
   8.120000   55.519557   18.278098    0.032417  -11.047759 
   8.130000   55.519881   18.167620    0.032126  -11.048329 
   8.140000   55.520203   18.057137    0.031836  -11.048894 
   8.150000   55.520521   17.946648    0.031550  -11.049454 
   8.160000   55.520837   17.836154    0.031266  -11.050009 
   8.170000   55.521149   17.725654    0.030985  -11.050559 
   8.180000   55.521459   17.615148    0.030706  -11.051104 
   8.190000   55.521766   17.504637    0.030429  -11.051644 
   8.200000   55.522070   17.394121    0.030156  -11.052179 
   8.210000   55.522372   17.283599    0.029884  -11.052709 
   8.220000   55.522671   17.173072    0.029615  -11.053235 
   8.230000   55.522967   17.062539    0.029349  -11.053756 
   8.240000   55.523260   16.952002    0.029084  -11.054272 
   8.250000   55.523551   16.841459    0.028823  -11.054784 
   8.260000   55.523839   16.730911    0.028563  -11.055291 
   8.270000   55.524125   16.620358    0.028306  -11.055793 
   8.280000   55.524408   16.509800    0.028051  -11.056291 
   8.290000   55.524689   16.399237    0.027799  -11.056784 
   8.300000   55.524967   16.288670    0.027549  -11.057273 
   8.310000   55.525242   16.178097    0.027301  -11.057758 
   8.320000   55.525515   16.067519    0.027055  -11.058238 
   8.330000   55.525786   15.956937    0.026812  -11.058714 
   8.340000   55.526054   15.846350    0.026570  -11.059185 
   8.350000   55.526320   15.735758    0.026331  -11.059653 
   8.360000   55.526583   15.625161    0.026094  -11.060116 
   8.370000   55.526844   15.514560    0.025859  -11.060575 
   8.380000   55.527102   15.403955    0.025627  -11.061030 
   8.390000   55.527359   15.293344    0.025396  -11.061480 
   8.400000   55.527613   15.182729    0.025167  -11.061927 
   8.410000   55.527864   15.072110    0.024941  -11.062370 
   8.420000   55.528114   14.961486    0.024717  -11.062808 
   8.430000   55.528361   14.850858    0.024494  -11.063243 
   8.440000   55.528606   14.740226    0.024274  -11.063674 
   8.450000   55.528849   14.629589    0.024055  -11.064101 
   8.460000   55.529089   14.518948    0.023839  -11.064524 
   8.470000   55.529328   14.408303    0.023624  -11.064943 
   8.480000   55.529564   14.297654    0.023411  -11.065359 
   8.490000   55.529798   14.187000    0.023201  -11.065770 
   8.500000   55.530030   14.076342    0.022992  -11.066179 
   8.510000   55.530260   13.965680    0.022785  -11.066583 
   8.520000   55.530488   13.855015    0.022580  -11.066984 
   8.530000   55.530713   13.744345    0.022377  -11.067381 
   8.540000   55.530937   13.633671    0.022175  -11.067774 
   8.550000   55.531159   13.522993    0.021976  -11.068164 
   8.560000   55.531379   13.412312    0.021778  -11.068551 
   8.570000   55.531596   13.301626    0.021582  -11.068934 
   8.580000   55.531812   13.190937    0.021388  -11.069314 
   8.590000   55.532026   13.080244    0.021195  -11.069690 
   8.600000   55.532238   12.969547    0.021005  -11.070063 
   8.610000   55.532448   12.858846    0.020815  -11.070432 
   8.620000   55.532656   12.748142    0.020628  -11.070798 
   8.630000   55.532863   12.637434    0.020442  -11.071161 
   8.640000   55.533067   12.526722    0.020259  -11.071520 
   8.650000   55.533270   12.416007    0.020076  -11.071877 
   8.660000   55.533470   12.305288    0.019896  -11.072230 
   8.670000   55.533669   12.194566    0.019716  -11.072580 
   8.680000   55.533867   12.083840    0.019539  -11.072927 
   8.690000   55.534062   11.973111    0.019363  -11.073270 
   8.700000   55.534256   11.862378    0.019189  -11.073611 
   8.710000   55.534447   11.751642    0.019016  -11.073948 
   8.720000   55.534638   11.640903    0.018845  -11.074283 
   8.730000   55.534826   11.530160    0.018675  -11.074614 
   8.740000   55.535013   11.419414    0.018507  -11.074943 
   8.750000   55.535198   11.308664    0.018341  -11.075268 
   8.760000   55.535381   11.197911    0.018176  -11.075591 
   8.770000   55.535563   11.087156    0.018012  -11.075911 
   8.780000   55.535743   10.976396    0.017850  -11.076227 
   8.790000   55.535922   10.865634    0.017689  -11.076541 
   8.800000   55.536099   10.754869    0.017530  -11.076852 
   8.810000   55.536274   10.644100    0.017372  -11.077161 
   8.820000   55.536448   10.533329    0.017216  -11.077466 
   8.830000   55.536620   10.422554    0.017061  -11.077769 
   8.840000   55.536790   10.311776    0.016908  -11.078069 
   8.850000   55.536959   10.200996    0.016755  -11.078367 
   8.860000   55.537127   10.090212    0.016605  -11.078661 
   8.870000   55.537293    9.979425    0.016455  -11.078953 
   8.880000   55.537458    9.868636    0.016307  -11.079243 
   8.890000   55.537621    9.757843    0.016160  -11.079530 
   8.900000   55.537782    9.647048    0.016015  -11.079814 
   8.910000   55.537942    9.536250    0.015871  -11.080095 
   8.920000   55.538101    9.425449    0.015728  -11.080375 
   8.930000   55.538258    9.314645    0.015586  -11.080651 
   8.940000   55.538414    9.203839    0.015446  -11.080925 
   8.950000   55.538569    9.093029    0.015307  -11.081197 
   8.960000   55.538722    8.982217    0.015169  -11.081466 
   8.970000   55.538873    8.871403    0.015033  -11.081733 
   8.980000   55.539024    8.760585    0.014897  -11.081997 
   8.990000   55.539173    8.649766    0.014763  -11.082259 
   9.000000   55.539320    8.538943    0.014631  -11.082519 
   9.010000   55.539467    8.428118    0.014499  -11.082776 
   9.020000   55.539612    8.317290    0.014368  -11.083031 
   9.030000   55.539755    8.206460    0.014239  -11.083284 
   9.040000   55.539898    8.095627    0.014111  -11.083535 
   9.050000   55.540039    7.984791    0.013984  -11.083783 
   9.060000   55.540179    7.873954    0.013858  -11.084029 
   9.070000   55.540317    7.763113    0.013733  -11.084273 
   9.080000   55.540455    7.652271    0.013610  -11.084514 
   9.090000   55.540591    7.541425    0.013487  -11.084753 
   9.100000   55.540726    7.430578    0.013366  -11.084991 
   9.110000   55.540859    7.319728    0.013246  -11.085226 
   9.120000   55.540992    7.208876    0.013126  -11.085459 
   9.130000   55.541123    7.098021    0.013008  -11.085690 
   9.140000   55.541253    6.987164    0.012891  -11.085918 
   9.150000   55.541382    6.876305    0.012775  -11.086145 
   9.160000   55.541510    6.765444    0.012660  -11.086370 
   9.170000   55.541636    6.654580    0.012546  -11.086592 
   9.180000   55.541762    6.543714    0.012433  -11.086813 
   9.190000   55.541886    6.432846    0.012321  -11.087032 
   9.200000   55.542009    6.321976    0.012210  -11.087249 
   9.210000   55.542131    6.211103    0.012101  -11.087463 
   9.220000   55.542252    6.100228    0.011992  -11.087676 
   9.230000   55.542372    5.989352    0.011884  -11.087887 
   9.240000   55.542491    5.878473    0.011777  -11.088096 
   9.250000   55.542609    5.767592    0.011671  -11.088303 
   9.260000   55.542726    5.656709    0.011566  -11.088508 
   9.270000   55.542841    5.545824    0.011462  -11.088712 
   9.280000   55.542956    5.434937    0.011359  -11.088913 
   9.290000   55.543070    5.324047    0.011256  -11.089113 
   9.300000   55.543182    5.213156    0.011155  -11.089311 
   9.310000   55.543294    5.102263    0.011055  -11.089507 
   9.320000   55.543404    4.991368    0.010955  -11.089702 
   9.330000   55.543514    4.880471    0.010856  -11.089895 
   9.340000   55.543622    4.769572    0.010759  -11.090086 
   9.350000   55.543730    4.658671    0.010662  -11.090275 
   9.360000   55.543837    4.547769    0.010566  -11.090462 
   9.370000   55.543942    4.436864    0.010471  -11.090648 
   9.380000   55.544047    4.325958    0.010377  -11.090832 
   9.390000   55.544151    4.215049    0.010283  -11.091015 
   9.400000   55.544253    4.104139    0.010191  -11.091196 
   9.410000   55.544355    3.993227    0.010099  -11.091375 
   9.420000   55.544456    3.882313    0.010008  -11.091553 
   9.430000   55.544556    3.771398    0.009918  -11.091729 
   9.440000   55.544656    3.660481    0.009829  -11.091903 
   9.450000   55.544754    3.549561    0.009740  -11.092076 
   9.460000   55.544851    3.438641    0.009653  -11.092247 
   9.470000   55.544948    3.327718    0.009566  -11.092417 
   9.480000   55.545044    3.216794    0.009480  -11.092585 
   9.490000   55.545138    3.105868    0.009394  -11.092752 
   9.500000   55.545232    2.994941    0.009310  -11.092917 
   9.510000   55.545325    2.884012    0.009226  -11.093081 
   9.520000   55.545418    2.773081    0.009143  -11.093243 
   9.530000   55.545509    2.662148    0.009061  -11.093404 
   9.540000   55.545600    2.551214    0.008979  -11.093563 
   9.550000   55.545689    2.440279    0.008898  -11.093721 
   9.560000   55.545778    2.329341    0.008818  -11.093878 
   9.570000   55.545867    2.218403    0.008739  -11.094033 
   9.580000   55.545954    2.107462    0.008660  -11.094187 
   9.590000   55.546041    1.996520    0.008582  -11.094339 
   9.600000   55.546126    1.885577    0.008505  -11.094490 
   9.610000   55.546211    1.774632    0.008429  -11.094639 
   9.620000   55.546296    1.663686    0.008353  -11.094788 
   9.630000   55.546379    1.552738    0.008278  -11.094935 
   9.640000   55.546462    1.441789    0.008203  -11.095080 
   9.650000   55.546544    1.330838    0.008129  -11.095224 
   9.660000   55.546625    1.219885    0.008056  -11.095367 
   9.670000   55.546706    1.108932    0.007984  -11.095509 
   9.680000   55.546786    0.997977    0.007912  -11.095650 
   9.690000   55.546865    0.887020    0.007840  -11.095789 
   9.700000   55.546943    0.776062    0.007770  -11.095927 
   9.710000   55.547021    0.665103    0.007700  -11.096063 
   9.720000   55.547098    0.554142    0.007631  -11.096199 
   9.730000   55.547174    0.443180    0.007562  -11.096333 
   9.740000   55.547250    0.332217    0.007494  -11.096466 
   9.750000   55.547325    0.221252    0.007426  -11.096598 
   9.760000   55.547399    0.110286    0.007360  -11.096728 
