   0.000000    0.000000    0.000000   50.000019   86.602529 
   0.010000    0.500000    0.866025   49.850019   86.242722 
   0.020000    0.998500    1.728453   49.700469   85.883994 
   0.030000    1.495505    2.587292   49.551367   85.526342 
   0.040000    1.991019    3.442556   49.402713   85.169763 
   0.050000    2.485046    4.294253   49.254505   84.814253 
   0.060000    2.977591    5.142396   49.106742   84.459811 
   0.070000    3.468658    5.986994   48.959421   84.106431 
   0.080000    3.958253    6.828058   48.812543   83.754112 
   0.090000    4.446378    7.665600   48.666105   83.402850 
   0.100000    4.933039    8.499628   48.520107   83.052641 
   0.110000    5.418240    9.330154   48.374547   82.703483 
   0.120000    5.901986   10.157189   48.229423   82.355373 
   0.130000    6.384280   10.980743   48.084735   82.008307 
   0.140000    6.865127   11.800826   47.940481   81.662282 
   0.150000    7.344532   12.617449   47.796659   81.317295 
   0.160000    7.822499   13.430622   47.653269   80.973343 
   0.170000    8.299031   14.240355   47.510309   80.630423 
   0.180000    8.774134   15.046660   47.367779   80.288532 
   0.190000    9.247812   15.849545   47.225675   79.947666 
   0.200000    9.720069   16.649021   47.083998   79.607823 
   0.210000   10.190909   17.445100   46.942746   79.269000 
   0.220000   10.660336   18.237790   46.801918   78.931193 
   0.230000   11.128356   19.027102   46.661512   78.594399 
   0.240000   11.594971   19.813046   46.521528   78.258616 
   0.250000   12.060186   20.595632   46.381963   77.923840 
   0.260000   12.524006   21.374870   46.242817   77.590068 
   0.270000   12.986434   22.150771   46.104089   77.257298 
   0.280000   13.447475   22.923344   45.965776   76.925526 
   0.290000   13.907132   23.692599   45.827879   76.594750 
   0.300000   14.365411   24.458547   45.690396   76.264965 
   0.310000   14.822315   25.221196   45.553324   75.936171 
   0.320000   15.277848   25.980558   45.416664   75.608362 
   0.330000   15.732015   26.736642   45.280414   75.281537 
   0.340000   16.184819   27.489457   45.144573   74.955692 
   0.350000   16.636265   28.239014   45.009139   74.630825 
   0.360000   17.086356   28.985322   44.874112   74.306933 
   0.370000   17.535097   29.728391   44.739490   73.984012 
   0.380000   17.982492   30.468232   44.605271   73.662060 
   0.390000   18.428545   31.204852   44.471455   73.341074 
   0.400000   18.873260   31.938263   44.338041   73.021051 
   0.410000   19.316640   32.668473   44.205027   72.701987 
   0.420000   19.758690   33.395493   44.072412   72.383881 
   0.430000   20.199414   34.119332   43.940195   72.066730 
   0.440000   20.638816   34.839999   43.808374   71.750530 
   0.450000   21.076900   35.557505   43.676949   71.435278 
   0.460000   21.513670   36.271858   43.545918   71.120972 
   0.470000   21.949129   36.983067   43.415280   70.807609 
   0.480000   22.383282   37.691143   43.285034   70.495186 
   0.490000   22.816132   38.396095   43.155179   70.183701 
   0.500000   23.247684   39.097932   43.025714   69.873150 
   0.510000   23.677941   39.796664   42.896637   69.563530 
   0.520000   24.106907   40.492299   42.767947   69.254840 
   0.530000   24.534587   41.184847   42.639643   68.947075 
   0.540000   24.960983   41.874318   42.511724   68.640234 
   0.550000   25.386100   42.560720   42.384189   68.334313 
   0.560000   25.809942   43.244064   42.257036   68.029310 
   0.570000   26.232513   43.924357   42.130265   67.725222 
   0.580000   26.653815   44.601609   42.003874   67.422047 
   0.590000   27.073854   45.275829   41.877863   67.119781 
   0.600000   27.492633   45.947027   41.752229   66.818421 
   0.610000   27.910155   46.615211   41.626972   66.517966 
   0.620000   28.326425   47.280391   41.502091   66.218412 
   0.630000   28.741445   47.942575   41.377585   65.919757 
   0.640000   29.155221   48.601773   41.253452   65.621998 
   0.650000   29.567756   49.257993   41.129692   65.325132 
   0.660000   29.979053   49.911244   41.006303   65.029156 
   0.670000   30.389116   50.561536   40.883284   64.734069 
   0.680000   30.797949   51.208876   40.760634   64.439867 
   0.690000   31.205555   51.853275   40.638352   64.146547 
   0.700000   31.611939   52.494740   40.516437   63.854107 
   0.710000   32.017103   53.133282   40.394888   63.562545 
   0.720000   32.421052   53.768907   40.273703   63.271857 
   0.730000   32.823789   54.401626   40.152882   62.982042 
   0.740000   33.225318   55.031446   40.032424   62.693096 
   0.750000   33.625642   55.658377   39.912326   62.405016 
   0.760000   34.024765   56.282427   39.792589   62.117801 
   0.770000   34.422691   56.903605   39.673212   61.831448 
   0.780000   34.819423   57.521920   39.554192   61.545954 
   0.790000   35.214965   58.137379   39.435529   61.261316 
   0.800000   35.609320   58.749992   39.317223   60.977532 
   0.810000   36.002493   59.359768   39.199271   60.694599 
   0.820000   36.394485   59.966714   39.081673   60.412515 
   0.830000   36.785302   60.570839   38.964428   60.131278 
   0.840000   37.174946   61.172152   38.847535   59.850884 
   0.850000   37.563422   61.770660   38.730992   59.571331 
   0.860000   37.950732   62.366374   38.614799   59.292617 
   0.870000   38.336880   62.959300   38.498955   59.014740 
   0.880000   38.721869   63.549447   38.383458   58.737695 
   0.890000   39.105704   64.136824   38.268308   58.461482 
   0.900000   39.488387   64.721439   38.153503   58.186098 
   0.910000   39.869922   65.303300   38.039042   57.911539 
   0.920000   40.250312   65.882415   37.924925   57.637805 
   0.930000   40.629561   66.458793   37.811150   57.364891 
   0.940000   41.007673   67.032442   37.697717   57.092797 
   0.950000   41.384650   67.603370   37.584624   56.821518 
   0.960000   41.760496   68.171586   37.471870   56.551054 
   0.970000   42.135215   68.737096   37.359454   56.281401 
   0.980000   42.508810   69.299910   37.247376   56.012556 
   0.990000   42.881283   69.860036   37.135634   55.744519 
   1.000000   43.252640   70.417481   37.024227   55.477285 
   1.010000   43.622882   70.972254   36.913154   55.210853 
   1.020000   43.992014   71.524362   36.802415   54.945221 
   1.030000   44.360038   72.073814   36.692008   54.680385 
   1.040000   44.726958   72.620618   36.581932   54.416344 
   1.050000   45.092777   73.164782   36.472186   54.153095 
   1.060000   45.457499   73.706313   36.362769   53.890636 
   1.070000   45.821127   74.245219   36.253681   53.628964 
   1.080000   46.183663   74.781509   36.144920   53.368077 
   1.090000   46.545113   75.315189   36.036485   53.107973 
   1.100000   46.905477   75.846269   35.928376   52.848649 
   1.110000   47.264761   76.374756   35.820590   52.590103 
   1.120000   47.622967   76.900657   35.713129   52.332332 
   1.130000   47.980098   77.423980   35.605989   52.075335 
   1.140000   48.336158   77.944733   35.499171   51.819109 
   1.150000   48.691150   78.462924   35.392674   51.563652 
   1.160000   49.045077   78.978561   35.286496   51.308961 
   1.170000   49.397942   79.491651   35.180636   51.055034 
   1.180000   49.749748   80.002201   35.075094   50.801869 
   1.190000   50.100499   80.510220   34.969869   50.549464 
   1.200000   50.450198   81.015714   34.864960   50.297815 
   1.210000   50.798847   81.518692   34.760365   50.046922 
   1.220000   51.146451   82.019162   34.656084   49.796781 
   1.230000   51.493012   82.517129   34.552115   49.547391 
   1.240000   51.838533   83.012603   34.448459   49.298748 
   1.250000   52.183018   83.505591   34.345114   49.050852 
   1.260000   52.526469   83.996099   34.242078   48.803700 
   1.270000   52.868889   84.484136   34.139352   48.557289 
   1.280000   53.210283   84.969709   34.036934   48.311617 
   1.290000   53.550652   85.452825   33.934823   48.066682 
   1.300000   53.890001   85.933492   33.833019   47.822482 
   1.310000   54.228331   86.411717   33.731520   47.579014 
   1.320000   54.565646   86.887507   33.630325   47.336277 
   1.330000   54.901949   87.360870   33.529434   47.094269 
   1.340000   55.237244   87.831813   33.428846   46.852986 
   1.350000   55.571532   88.300342   33.328559   46.612427 
   1.360000   55.904818   88.766467   33.228574   46.372589 
   1.370000   56.237103   89.230193   33.128888   46.133472 
   1.380000   56.568392   89.691527   33.029501   45.895071 
   1.390000   56.898687   90.150478   32.930413   45.657386 
   1.400000   57.227991   90.607052   32.831621   45.420414 
   1.410000   57.556308   91.061256   32.733127   45.184153 
   1.420000   57.883639   91.513098   32.634927   44.948600 
   1.430000   58.209988   91.962584   32.537022   44.713754 
   1.440000   58.535358   92.409721   32.439411   44.479613 
   1.450000   58.859752   92.854517   32.342093   44.246174 
   1.460000   59.183173   93.296979   32.245067   44.013436 
   1.470000   59.505624   93.737113   32.148332   43.781395 
   1.480000   59.827107   94.174927   32.051887   43.550051 
   1.490000   60.147626   94.610428   31.955731   43.319401 
   1.500000   60.467184   95.043622   31.859864   43.089443 
   1.510000   60.785782   95.474516   31.764284   42.860175 
   1.520000   61.103425   95.903118   31.668991   42.631594 
   1.530000   61.420115   96.329434   31.573984   42.403699 
   1.540000   61.735855   96.753471   31.479262   42.176488 
   1.550000   62.050647   97.175236   31.384825   41.949959 
   1.560000   62.364496   97.594735   31.290670   41.724109 
   1.570000   62.677402   98.011977   31.196798   41.498937 
   1.580000   62.989370   98.426966   31.103208   41.274440 
   1.590000   63.300402   98.839710   31.009898   41.050616 
   1.600000   63.610501   99.250216   30.916868   40.827465 
   1.610000   63.919670   99.658491   30.824118   40.604982 
   1.620000   64.227911  100.064541   30.731645   40.383167 
   1.630000   64.535228  100.468373   30.639451   40.162018 
   1.640000   64.841622  100.869993   30.547532   39.941532 
   1.650000   65.147098  101.269408   30.455890   39.721707 
   1.660000   65.451656  101.666625   30.364522   39.502542 
   1.670000   65.755302  102.061651   30.273428   39.284034 
   1.680000   66.058036  102.454491   30.182608   39.066182 
   1.690000   66.359862  102.845153   30.092060   38.848984 
   1.700000   66.660783  103.233643   30.001784   38.632437 
   1.710000   66.960800  103.619967   29.911779   38.416539 
   1.720000   67.259918  104.004132   29.822043   38.201290 
   1.730000   67.558139  104.386145   29.732577   37.986686 
   1.740000   67.855464  104.766012   29.643380   37.772726 
   1.750000   68.151898  105.143739   29.554449   37.559408 
   1.760000   68.447443  105.519333   29.465786   37.346729 
   1.770000   68.742101  105.892801   29.377389   37.134689 
   1.780000   69.035874  106.264148   29.289257   36.923285 
   1.790000   69.328767  106.633380   29.201389   36.712515 
   1.800000   69.620781  107.000506   29.113785   36.502378 
   1.810000   69.911919  107.365529   29.026443   36.292871 
   1.820000   70.202183  107.728458   28.939364   36.083992 
   1.830000   70.491577  108.089298   28.852546   35.875740 
   1.840000   70.780102  108.448055   28.765988   35.668113 
   1.850000   71.067762  108.804737   28.679690   35.461109 
   1.860000   71.354559  109.159348   28.593651   35.254725 
   1.870000   71.640496  109.511895   28.507870   35.048961 
   1.880000   71.925574  109.862385   28.422347   34.843814 
   1.890000   72.209798  110.210823   28.337080   34.639283 
   1.900000   72.493169  110.557215   28.252068   34.435365 
   1.910000   72.775689  110.901569   28.167312   34.232059 
   1.920000   73.057362  111.243890   28.082810   34.029363 
   1.930000   73.338190  111.584183   27.998562   33.827274 
   1.940000   73.618176  111.922456   27.914566   33.625793 
   1.950000   73.897322  112.258714   27.830822   33.424915 
   1.960000   74.175630  112.592963   27.747330   33.224641 
   1.970000   74.453103  112.925210   27.664088   33.024967 
   1.980000   74.729744  113.255459   27.581096   32.825892 
   1.990000   75.005555  113.583718   27.498352   32.627414 
   2.000000   75.280539  113.909992   27.415857   32.429532 
   2.010000   75.554697  114.234288   27.333610   32.232243 
   2.020000   75.828033  114.556610   27.251609   32.035546 
   2.030000   76.100549  114.876966   27.169854   31.839440 
   2.040000   76.372248  115.195360   27.088344   31.643922 
   2.050000   76.643131  115.511799   27.007079   31.448990 
   2.060000   76.913202  115.826289   26.926058   31.254643 
   2.070000   77.182463  116.138835   26.845280   31.060879 
   2.080000   77.450916  116.449444   26.764744   30.867696 
   2.090000   77.718563  116.758121   26.684450   30.675093 
   2.100000   77.985407  117.064872   26.604397   30.483068 
   2.110000   78.251451  117.369703   26.524583   30.291619 
   2.120000   78.516697  117.672619   26.445010   30.100744 
   2.130000   78.781147  117.973626   26.365675   29.910442 
   2.140000   79.044804  118.272731   26.286578   29.720710 
   2.150000   79.307670  118.569938   26.207718   29.531548 
   2.160000   79.569747  118.865253   26.129095   29.342953 
   2.170000   79.831038  119.158683   26.050707   29.154925 
   2.180000   80.091545  119.450232   25.972555   28.967460 
   2.190000   80.351271  119.739907   25.894638   28.780557 
   2.200000   80.610217  120.027712   25.816954   28.594216 
   2.210000   80.868387  120.313655   25.739503   28.408433 
   2.220000   81.125782  120.597739   25.662284   28.223208 
   2.230000   81.382404  120.879971   25.585298   28.038538 
   2.240000   81.638257  121.160356   25.508542   27.854423 
   2.250000   81.893343  121.438901   25.432016   27.670859 
   2.260000   82.147663  121.715609   25.355720   27.487847 
   2.270000   82.401220  121.990488   25.279653   27.305383 
   2.280000   82.654017  122.263541   25.203814   27.123467 
   2.290000   82.906055  122.534776   25.128202   26.942097 
   2.300000   83.157337  122.804197   25.052818   26.761270 
   2.310000   83.407865  123.071810   24.977659   26.580987 
   2.320000   83.657642  123.337620   24.902726   26.401244 
   2.330000   83.906669  123.601632   24.828018   26.222040 
   2.340000   84.154949  123.863852   24.753534   26.043374 
   2.350000   84.402484  124.124286   24.679274   25.865244 
   2.360000   84.649277  124.382939   24.605236   25.687648 
   2.370000   84.895330  124.639815   24.531420   25.510585 
   2.380000   85.140644  124.894921   24.457826   25.334053 
   2.390000   85.385222  125.148262   24.384452   25.158051 
   2.400000   85.629067  125.399842   24.311299   24.982577 
   2.410000   85.872180  125.649668   24.238365   24.807629 
   2.420000   86.114563  125.897744   24.165650   24.633206 
   2.430000   86.356220  126.144076   24.093153   24.459307 
   2.440000   86.597151  126.388669   24.020874   24.285929 
   2.450000   86.837360  126.631529   23.948811   24.113071 
   2.460000   87.076848  126.872659   23.876964   23.940732 
   2.470000   87.315618  127.112067   23.805334   23.768910 
   2.480000   87.553671  127.349756   23.733918   23.597603 
   2.490000   87.791010  127.585732   23.662716   23.426810 
   2.500000   88.027637  127.820000   23.591728   23.256530 
   2.510000   88.263555  128.052565   23.520952   23.086760 
   2.520000   88.498764  128.283433   23.450390   22.917500 
   2.530000   88.733268  128.512608   23.380038   22.748747 
   2.540000   88.967068  128.740095   23.309898   22.580501 
   2.550000   89.200167  128.965900   23.239969   22.412759 
   2.560000   89.432567  129.190028   23.170249   22.245521 
   2.570000   89.664270  129.412483   23.100738   22.078785 
   2.580000   89.895277  129.633271   23.031436   21.912548 
   2.590000   90.125591  129.852396   22.962341   21.746811 
   2.600000   90.355215  130.069864   22.893454   21.581570 
   2.610000   90.584149  130.285680   22.824774   21.416825 
   2.620000   90.812397  130.499848   22.756300   21.252575 
   2.630000   91.039960  130.712374   22.688031   21.088817 
   2.640000   91.266840  130.923262   22.619967   20.925551 
   2.650000   91.493040  131.132518   22.552107   20.762774 
   2.660000   91.718561  131.340145   22.484451   20.600486 
   2.670000   91.943406  131.546150   22.416997   20.438684 
   2.680000   92.167576  131.750537   22.349746   20.277368 
   2.690000   92.391073  131.953311   22.282697   20.116536 
   2.700000   92.613900  132.154476   22.215849   19.956187 
   2.710000   92.836058  132.354038   22.149201   19.796318 
   2.720000   93.057550  132.552001   22.082754   19.636929 
   2.730000   93.278378  132.748371   22.016505   19.478018 
   2.740000   93.498543  132.943151   21.950456   19.319584 
   2.750000   93.718048  133.136347   21.884605   19.161626 
   2.760000   93.936894  133.327963   21.818951   19.004141 
   2.770000   94.155083  133.518004   21.753494   18.847128 
   2.780000   94.372618  133.706476   21.688233   18.690587 
   2.790000   94.589500  133.893381   21.623169   18.534515 
   2.800000   94.805732  134.078727   21.558299   18.378912 
   2.810000   95.021315  134.262516   21.493624   18.223775 
   2.820000   95.236251  134.444753   21.429143   18.069103 
   2.830000   95.450543  134.625444   21.364856   17.914896 
   2.840000   95.664191  134.804593   21.300761   17.761151 
   2.850000   95.877199  134.982205   21.236859   17.607868 
   2.860000   96.089568  135.158284   21.173149   17.455044 
   2.870000   96.301299  135.332834   21.109629   17.302679 
   2.880000   96.512395  135.505861   21.046300   17.150771 
   2.890000   96.722858  135.677369   20.983161   16.999319 
   2.900000   96.932690  135.847362   20.920212   16.848321 
   2.910000   97.141892  136.015845   20.857451   16.697776 
   2.920000   97.350467  136.182823   20.794879   16.547683 
   2.930000   97.558415  136.348300   20.732494   16.398040 
   2.940000   97.765740  136.512280   20.670297   16.248845 
   2.950000   97.972443  136.674768   20.608286   16.100099 
   2.960000   98.178526  136.835769   20.546461   15.951799 
   2.970000   98.383991  136.995287   20.484822   15.803943 
   2.980000   98.588839  137.153327   20.423367   15.656531 
   2.990000   98.793073  137.309892   20.362097   15.509562 
   3.000000   98.996694  137.464988   20.301011   15.363033 
   3.010000   99.199704  137.618618   20.240108   15.216944 
   3.020000   99.402105  137.770788   20.179387   15.071293 
   3.030000   99.603899  137.921500   20.118849   14.926079 
   3.040000   99.805087  138.070761   20.058493   14.781301 
   3.050000  100.005672  138.218574   19.998317   14.636957 
   3.060000  100.205655  138.364944   19.938322   14.493046 
   3.070000  100.405039  138.509874   19.878507   14.349567 
   3.080000  100.603824  138.653370   19.818872   14.206518 
   3.090000  100.802012  138.795435   19.759415   14.063899 
   3.100000  100.999606  138.936074   19.700137   13.921707 
   3.110000  101.196608  139.075291   19.641037   13.779942 
   3.120000  101.393018  139.213091   19.582113   13.638602 
   3.130000  101.588839  139.349477   19.523367   13.497686 
   3.140000  101.784073  139.484454   19.464797   13.357193 
   3.150000  101.978721  139.618025   19.406403   13.217122 
   3.160000  102.172785  139.750197   19.348183   13.077470 
   3.170000  102.366267  139.880971   19.290139   12.938238 
   3.180000  102.559168  140.010354   19.232268   12.799423 
   3.190000  102.751491  140.138348   19.174572   12.661025 
   3.200000  102.943237  140.264958   19.117048   12.523042 
   3.210000  103.134407  140.390189   19.059697   12.385473 
   3.220000  103.325004  140.514043   19.002518   12.248316 
   3.230000  103.515029  140.636527   18.945510   12.111572 
   3.240000  103.704484  140.757642   18.888674   11.975237 
   3.250000  103.893371  140.877395   18.832008   11.839311 
   3.260000  104.081691  140.995788   18.775512   11.703793 
   3.270000  104.269446  141.112826   18.719185   11.568682 
   3.280000  104.456638  141.228513   18.663027   11.433976 
   3.290000  104.643268  141.342852   18.607038   11.299674 
   3.300000  104.829339  141.455849   18.551217   11.165775 
   3.310000  105.014851  141.567507   18.495564   11.032277 
   3.320000  105.199807  141.677830   18.440077   10.899181 
   3.330000  105.384207  141.786821   18.384757   10.766483 
   3.340000  105.568055  141.894486   18.329602   10.634184 
   3.350000  105.751351  142.000828   18.274614   10.502281 
   3.360000  105.934097  142.105851   18.219790   10.370774 
   3.370000  106.116295  142.209559   18.165130   10.239662 
   3.380000  106.297946  142.311955   18.110635   10.108943 
   3.390000  106.479053  142.413045   18.056303    9.978616 
   3.400000  106.659616  142.512831   18.002134    9.848680 
   3.410000  106.839637  142.611318   17.948128    9.719134 
   3.420000  107.019118  142.708509   17.894283    9.589977 
   3.430000  107.198061  142.804409   17.840601    9.461207 
   3.440000  107.376467  142.899021   17.787079    9.332823 
   3.450000  107.554338  142.992349   17.733717    9.204825 
   3.460000  107.731675  143.084397   17.680516    9.077210 
   3.470000  107.908480  143.175169   17.627475    8.949979 
   3.480000  108.084755  143.264669   17.574592    8.823129 
   3.490000  108.260501  143.352900   17.521869    8.696659 
   3.500000  108.435720  143.439867   17.469303    8.570569 
   3.510000  108.610413  143.525573   17.416895    8.444858 
   3.520000  108.784582  143.610021   17.364644    8.319523 
   3.530000  108.958228  143.693216   17.312550    8.194565 
   3.540000  109.131354  143.775162   17.260613    8.069981 
   3.550000  109.303960  143.855862   17.208831    7.945771 
   3.560000  109.476048  143.935320   17.157204    7.821934 
   3.570000  109.647620  144.013539   17.105733    7.698468 
   3.580000  109.818677  144.090524   17.054416    7.575372 
   3.590000  109.989221  144.166277   17.003252    7.452646 
   3.600000  110.159254  144.240804   16.952243    7.330288 
   3.610000  110.328776  144.314107   16.901386    7.208297 
   3.620000  110.497790  144.386190   16.850682    7.086673 
   3.630000  110.666297  144.457056   16.800130    6.965413 
   3.640000  110.834298  144.526711   16.749729    6.844516 
   3.650000  111.001796  144.595156   16.699480    6.723983 
   3.660000  111.168791  144.662396   16.649382    6.603811 
   3.670000  111.335284  144.728434   16.599434    6.483999 
   3.680000  111.501279  144.793274   16.549635    6.364547 
   3.690000  111.666775  144.856919   16.499986    6.245454 
   3.700000  111.831775  144.919374   16.450486    6.126717 
   3.710000  111.996280  144.980641   16.401135    6.008337 
   3.720000  112.160291  145.040724   16.351932    5.890312 
   3.730000  112.323810  145.099627   16.302876    5.772641 
   3.740000  112.486839  145.157354   16.253967    5.655323 
   3.750000  112.649379  145.213907   16.205205    5.538357 
   3.760000  112.811431  145.269291   16.156590    5.421742 
   3.770000  112.972997  145.323508   16.108120    5.305477 
   3.780000  113.134078  145.376563   16.059795    5.189561 
   3.790000  113.294676  145.428458   16.011616    5.073992 
   3.800000  113.454792  145.479198   15.963581    4.958770 
   3.810000  113.614428  145.528786   15.915690    4.843894 
   3.820000  113.773585  145.577225   15.867943    4.729362 
   3.830000  113.932264  145.624519   15.820340    4.615174 
   3.840000  114.090468  145.670670   15.772879    4.501328 
   3.850000  114.248196  145.715684   15.725560    4.387824 
   3.860000  114.405452  145.759562   15.678383    4.274661 
   3.870000  114.562236  145.802308   15.631348    4.161837 
   3.880000  114.718549  145.843927   15.584454    4.049351 
   3.890000  114.874394  145.884420   15.537701    3.937203 
   3.900000  115.029771  145.923792   15.491088    3.825392 
   3.910000  115.184682  145.962046   15.444614    3.713916 
   3.920000  115.339128  145.999185   15.398280    3.602774 
   3.930000  115.493111  146.035213   15.352086    3.491966 
   3.940000  115.646632  146.070133   15.306029    3.381490 
   3.950000  115.799692  146.103948   15.260111    3.271345 
   3.960000  115.952293  146.136661   15.214331    3.161531 
   3.970000  116.104436  146.168276   15.168688    3.052047 
   3.980000  116.256123  146.198797   15.123182    2.942890 
   3.990000  116.407355  146.228226   15.077812    2.834062 
   4.000000  116.558133  146.256566   15.032579    2.725560 
   4.010000  116.708459  146.283822   14.987481    2.617383 
   4.020000  116.858334  146.309996   14.942519    2.509531 
   4.030000  117.007759  146.335091   14.897691    2.402002 
   4.040000  117.156736  146.359111   14.852998    2.294796 
   4.050000  117.305266  146.382059   14.808439    2.187912 
   4.060000  117.453350  146.403938   14.764014    2.081348 
   4.070000  117.600990  146.424752   14.719722    1.975104 
   4.080000  117.748188  146.444503   14.675563    1.869179 
   4.090000  117.894943  146.463195   14.631536    1.763571 
   4.100000  118.041259  146.480830   14.587641    1.658280 
   4.110000  118.187135  146.497413   14.543878    1.553306 
   4.120000  118.332574  146.512946   14.500247    1.448646 
   4.130000  118.477576  146.527433   14.456746    1.344300 
   4.140000  118.622144  146.540876   14.413376    1.240267 
   4.150000  118.766277  146.553278   14.370136    1.136546 
   4.160000  118.909979  146.564644   14.327025    1.033136 
   4.170000  119.053249  146.574975   14.284044    0.930037 
   4.180000  119.196089  146.584275   14.241192    0.827247 
   4.190000  119.338501  146.592548   14.198468    0.724765 
   4.200000  119.480486  146.599796   14.155873    0.622591 
   4.210000  119.622045  146.606021   14.113405    0.520723 
   4.220000  119.763179  146.611229   14.071065    0.419161 
   4.230000  119.903890  146.615420   14.028852    0.317903 
   4.240000  120.044178  146.618599   13.986765    0.216950 
   4.250000  120.184046  146.620769   13.944805    0.116299 
   4.260000  120.323494  146.621932   13.902971    0.015950 
   4.270000  120.462523  146.622091   13.861262   -0.084098 
   4.280000  120.601136  146.621250   13.819678   -0.183846 
   4.290000  120.739333  146.619412   13.778219   -0.283294 
   4.300000  120.877115  146.616579   13.736884   -0.382444 
   4.310000  121.014484  146.612755   13.695674   -0.481297 
   4.320000  121.151441  146.607942   13.654587   -0.579853 
   4.330000  121.287986  146.602143   13.613623   -0.678113 
   4.340000  121.424123  146.595362   13.572782   -0.776079 
   4.350000  121.559851  146.587601   13.532064   -0.873751 
   4.360000  121.695171  146.578864   13.491468   -0.971130 
   4.370000  121.830086  146.569152   13.450993   -1.068216 
   4.380000  121.964596  146.558470   13.410640   -1.165012 
   4.390000  122.098702  146.546820   13.370408   -1.261517 
   4.400000  122.232406  146.534205   13.330297   -1.357732 
   4.410000  122.365709  146.520628   13.290306   -1.453659 
   4.420000  122.498612  146.506091   13.250435   -1.549298 
   4.430000  122.631117  146.490598   13.210684   -1.644650 
   4.440000  122.763223  146.474151   13.171052   -1.739716 
   4.450000  122.894934  146.456754   13.131539   -1.834497 
   4.460000  123.026249  146.438409   13.092144   -1.928993 
   4.470000  123.157171  146.419119   13.052868   -2.023206 
   4.480000  123.287699  146.398887   13.013709   -2.117137 
   4.490000  123.417837  146.377716   12.974668   -2.210785 
   4.500000  123.547583  146.355608   12.935744   -2.304153 
   4.510000  123.676941  146.332567   12.896937   -2.397240 
   4.520000  123.805910  146.308594   12.858246   -2.490049 
   4.530000  123.934493  146.283694   12.819671   -2.582579 
   4.540000  124.062689  146.257868   12.781212   -2.674831 
   4.550000  124.190501  146.231120   12.742868   -2.766806 
   4.560000  124.317930  146.203452   12.704640   -2.858506 
   4.570000  124.444976  146.174866   12.666526   -2.949930 
   4.580000  124.571642  146.145367   12.628526   -3.041081 
   4.590000  124.697927  146.114956   12.590641   -3.131957 
   4.600000  124.823833  146.083637   12.552869   -3.222562 
   4.610000  124.949362  146.051411   12.515210   -3.312894 
   4.620000  125.074514  146.018282   12.477665   -3.402955 
   4.630000  125.199291  145.984253   12.440232   -3.492746 
   4.640000  125.323693  145.949325   12.402911   -3.582268 
   4.650000  125.447722  145.913503   12.365702   -3.671521 
   4.660000  125.571379  145.876787   12.328605   -3.760507 
   4.670000  125.694665  145.839182   12.291619   -3.849225 
   4.680000  125.817582  145.800690   12.254744   -3.937678 
   4.690000  125.940129  145.761313   12.217980   -4.025864 
   4.700000  126.062309  145.721055   12.181326   -4.113787 
   4.710000  126.184122  145.679917   12.144782   -4.201446 
   4.720000  126.305570  145.637902   12.108348   -4.288841 
   4.730000  126.426653  145.595014   12.072023   -4.375975 
   4.740000  126.547374  145.551254   12.035807   -4.462847 
   4.750000  126.667732  145.506626   11.999699   -4.549458 
   4.760000  126.787729  145.461131   11.963700   -4.635810 
   4.770000  126.907366  145.414773   11.927809   -4.721902 
   4.780000  127.026644  145.367554   11.892026   -4.807737 
   4.790000  127.145564  145.319477   11.856350   -4.893313 
   4.800000  127.264127  145.270543   11.820781   -4.978634 
   4.810000  127.382335  145.220757   11.785318   -5.063698 
   4.820000  127.500188  145.170120   11.749962   -5.148507 
   4.830000  127.617688  145.118635   11.714712   -5.233061 
   4.840000  127.734835  145.066304   11.679568   -5.317362 
   4.850000  127.851631  145.013131   11.644530   -5.401410 
   4.860000  127.968076  144.959117   11.609596   -5.485206 
   4.870000  128.084172  144.904265   11.574767   -5.568750 
   4.880000  128.199920  144.848577   11.540043   -5.652044 
   4.890000  128.315320  144.792057   11.505423   -5.735088 
   4.900000  128.430374  144.734706   11.470907   -5.817882 
   4.910000  128.545084  144.676527   11.436494   -5.900429 
   4.920000  128.659448  144.617523   11.402184   -5.982727 
   4.930000  128.773470  144.557695   11.367978   -6.064779 
   4.940000  128.887150  144.497048   11.333874   -6.146585 
   4.950000  129.000489  144.435582   11.299872   -6.228145 
   4.960000  129.113488  144.373300   11.265973   -6.309461 
   4.970000  129.226147  144.310206   11.232175   -6.390532 
   4.980000  129.338469  144.246300   11.198478   -6.471361 
   4.990000  129.450454  144.181587   11.164883   -6.551947 
   5.000000  129.562103  144.116067   11.131388   -6.632291 
   5.010000  129.673417  144.049744   11.097994   -6.712394 
   5.020000  129.784396  143.982621   11.064700   -6.792257 
   5.030000  129.895043  143.914698   11.031506   -6.871880 
   5.040000  130.005359  143.845979   10.998411   -6.951264 
   5.050000  130.115343  143.776467   10.965416   -7.030410 
   5.060000  130.224997  143.706162   10.932520   -7.109319 
   5.070000  130.334322  143.635069   10.899722   -7.187991 
   5.080000  130.443319  143.563189   10.867023   -7.266427 
   5.090000  130.551989  143.490525   10.834422   -7.344628 
   5.100000  130.660334  143.417079   10.801919   -7.422594 
   5.110000  130.768353  143.342853   10.769513   -7.500326 
   5.120000  130.876048  143.267850   10.737204   -7.577825 
   5.130000  130.983420  143.192071   10.704993   -7.655092 
   5.140000  131.090470  143.115520   10.672878   -7.732127 
   5.150000  131.197199  143.038199   10.640859   -7.808930 
   5.160000  131.303607  142.960110   10.608937   -7.885503 
   5.170000  131.409697  142.881255   10.577110   -7.961847 
   5.180000  131.515468  142.801636   10.545379   -8.037961 
   5.190000  131.620922  142.721257   10.513742   -8.113848 
   5.200000  131.726059  142.640118   10.482201   -8.189506 
   5.210000  131.830881  142.558223   10.450755   -8.264937 
   5.220000  131.935389  142.475574   10.419402   -8.340143 
   5.230000  132.039583  142.392172   10.388144   -8.415122 
   5.240000  132.143464  142.308021   10.356980   -8.489877 
   5.250000  132.247034  142.223122   10.325909   -8.564407 
   5.260000  132.350293  142.137478   10.294931   -8.638714 
   5.270000  132.453242  142.051091   10.264046   -8.712798 
   5.280000  132.555883  141.963963   10.233254   -8.786659 
   5.290000  132.658215  141.876097   10.202554   -8.860299 
   5.300000  132.760241  141.787494   10.171947   -8.933719 
   5.310000  132.861960  141.698156   10.141431   -9.006917 
   5.320000  132.963375  141.608087   10.111007   -9.079897 
   5.330000  133.064485  141.517288   10.080673   -9.152657 
   5.340000  133.165291  141.425762   10.050431   -9.225199 
   5.350000  133.265796  141.333510   10.020280   -9.297523 
   5.360000  133.365998  141.240534    9.990219   -9.369631 
   5.370000  133.465901  141.146838    9.960249   -9.441522 
   5.380000  133.565503  141.052423    9.930368   -9.513197 
   5.390000  133.664807  140.957291    9.900577   -9.584658 
   5.400000  133.763813  140.861444    9.870875   -9.655904 
   5.410000  133.862521  140.764885    9.841262   -9.726936 
   5.420000  133.960934  140.667616    9.811739   -9.797755 
   5.430000  134.059051  140.569638    9.782303   -9.868362 
   5.440000  134.156874  140.470955    9.752957   -9.938757 
   5.450000  134.254404  140.371567    9.723698  -10.008941 
   5.460000  134.351641  140.271478    9.694527  -10.078914 
   5.470000  134.448586  140.170689    9.665443  -10.148677 
   5.480000  134.545241  140.069202    9.636447  -10.218231 
   5.490000  134.641605  139.967020    9.607537  -10.287576 
   5.500000  134.737680  139.864144    9.578715  -10.356714 
   5.510000  134.833468  139.760577    9.549979  -10.425644 
   5.520000  134.928967  139.656320    9.521329  -10.494367 
   5.530000  135.024181  139.551377    9.492765  -10.562884 
   5.540000  135.119108  139.445748    9.464286  -10.631195 
   5.550000  135.213751  139.339436    9.435894  -10.699301 
   5.560000  135.308110  139.232443    9.407586  -10.767203 
   5.570000  135.402186  139.124771    9.379363  -10.834902 
   5.580000  135.495980  139.016422    9.351225  -10.902397 
   5.590000  135.589492  138.907398    9.323171  -10.969690 
   5.600000  135.682724  138.797701    9.295202  -11.036781 
   5.610000  135.775676  138.687333    9.267316  -11.103670 
   5.620000  135.868349  138.576296    9.239514  -11.170359 
   5.630000  135.960744  138.464593    9.211796  -11.236848 
   5.640000  136.052862  138.352224    9.184160  -11.303138 
   5.650000  136.144703  138.239193    9.156608  -11.369228 
   5.660000  136.236270  138.125501    9.129138  -11.435121 
   5.670000  136.327561  138.011149    9.101751  -11.500815 
   5.680000  136.418578  137.896141    9.074445  -11.566313 
   5.690000  136.509323  137.780478    9.047222  -11.631614 
   5.700000  136.599795  137.664162    9.020080  -11.696719 
   5.710000  136.689996  137.547195    8.993020  -11.761629 
   5.720000  136.779926  137.429579    8.966041  -11.826344 
   5.730000  136.869586  137.311315    8.939143  -11.890865 
   5.740000  136.958978  137.192406    8.912325  -11.955192 
   5.750000  137.048101  137.072855    8.885589  -12.019327 
   5.760000  137.136957  136.952661    8.858932  -12.083269 
   5.770000  137.225546  136.831829    8.832355  -12.147019 
   5.780000  137.313870  136.710358    8.805858  -12.210578 
   5.790000  137.401929  136.588253    8.779440  -12.273946 
   5.800000  137.489723  136.465513    8.753102  -12.337124 
   5.810000  137.577254  136.342142    8.726843  -12.400113 
   5.820000  137.664522  136.218141    8.700662  -12.462913 
   5.830000  137.751529  136.093512    8.674560  -12.525524 
   5.840000  137.838275  135.968256    8.648536  -12.587947 
   5.850000  137.924760  135.842377    8.622591  -12.650184 
   5.860000  138.010986  135.715875    8.596723  -12.712233 
   5.870000  138.096953  135.588753    8.570933  -12.774096 
   5.880000  138.182662  135.461012    8.545220  -12.835774 
   5.890000  138.268115  135.332654    8.519584  -12.897267 
   5.900000  138.353310  135.203681    8.494026  -12.958575 
   5.910000  138.438251  135.074096    8.468544  -13.019699 
   5.920000  138.522936  134.943899    8.443138  -13.080640 
   5.930000  138.607368  134.813092    8.417809  -13.141398 
   5.940000  138.691546  134.681678    8.392555  -13.201974 
   5.950000  138.775471  134.549659    8.367378  -13.262368 
   5.960000  138.859145  134.417035    8.342275  -13.322581 
   5.970000  138.942568  134.283809    8.317249  -13.382613 
   5.980000  139.025740  134.149983    8.292297  -13.442465 
   5.990000  139.108663  134.015558    8.267420  -13.502138 
   6.000000  139.191337  133.880537    8.242618  -13.561632 
   6.010000  139.273764  133.744921    8.217890  -13.620947 
   6.020000  139.355942  133.608711    8.193236  -13.680084 
   6.030000  139.437875  133.471910    8.168656  -13.739044 
   6.040000  139.519561  133.334520    8.144150  -13.797826 
   6.050000  139.601003  133.196542    8.119718  -13.856433 
   6.060000  139.682200  133.057977    8.095359  -13.914864 
   6.070000  139.763154  132.918829    8.071073  -13.973119 
   6.080000  139.843864  132.779097    8.046860  -14.031200 
   6.090000  139.924333  132.638785    8.022719  -14.089106 
   6.100000  140.004560  132.497894    7.998651  -14.146839 
   6.110000  140.084547  132.356426    7.974655  -14.204398 
   6.120000  140.164293  132.214382    7.950731  -14.261785 
   6.130000  140.243801  132.071764    7.926879  -14.319000 
   6.140000  140.323069  131.928574    7.903098  -14.376043 
   6.150000  140.402100  131.784814    7.879389  -14.432915 
   6.160000  140.480894  131.640485    7.855751  -14.489616 
   6.170000  140.559452  131.495588    7.832183  -14.546147 
   6.180000  140.637774  131.350127    7.808687  -14.602509 
   6.190000  140.715860  131.204102    7.785261  -14.658701 
   6.200000  140.793713  131.057515    7.761905  -14.714725 
   6.210000  140.871332  130.910368    7.738619  -14.770581 
   6.220000  140.948718  130.762662    7.715403  -14.826269 
   6.230000  141.025872  130.614399    7.692257  -14.881790 
   6.240000  141.102795  130.465581    7.669180  -14.937145 
   6.250000  141.179487  130.316210    7.646173  -14.992333 
   6.260000  141.255948  130.166286    7.623234  -15.047356 
   6.270000  141.332181  130.015813    7.600365  -15.102214 
   6.280000  141.408184  129.864791    7.577564  -15.156908 
   6.290000  141.483960  129.713222    7.554831  -15.211437 
   6.300000  141.559508  129.561107    7.532166  -15.265803 
   6.310000  141.634830  129.408449    7.509570  -15.320005 
   6.320000  141.709926  129.255249    7.487041  -15.374045 
   6.330000  141.784796  129.101509    7.464580  -15.427923 
   6.340000  141.859442  128.947229    7.442186  -15.481639 
   6.350000  141.933864  128.792413    7.419860  -15.535194 
   6.360000  142.008062  128.637061    7.397600  -15.588589 
   6.370000  142.082038  128.481175    7.375407  -15.641823 
   6.380000  142.155792  128.324757    7.353281  -15.694898 
   6.390000  142.229325  128.167808    7.331221  -15.747813 
   6.400000  142.302637  128.010330    7.309228  -15.800569 
   6.410000  142.375730  127.852324    7.287300  -15.853168 
   6.420000  142.448603  127.693793    7.265438  -15.905608 
   6.430000  142.521257  127.534736    7.243642  -15.957891 
   6.440000  142.593694  127.375158    7.221911  -16.010018 
   6.450000  142.665913  127.215057    7.200245  -16.061988 
   6.460000  142.737915  127.054437    7.178644  -16.113802 
   6.470000  142.809702  126.893299    7.157108  -16.165460 
   6.480000  142.881273  126.731645    7.135637  -16.216964 
   6.490000  142.952629  126.569475    7.114230  -16.268313 
   6.500000  143.023771  126.406792    7.092887  -16.319508 
   6.510000  143.094700  126.243597    7.071609  -16.370550 
   6.520000  143.165416  126.079892    7.050394  -16.421438 
   6.530000  143.235920  125.915677    7.029243  -16.472174 
   6.540000  143.306213  125.750955    7.008155  -16.522757 
   6.550000  143.376294  125.585728    6.987131  -16.573189 
   6.560000  143.446165  125.419996    6.966169  -16.623469 
   6.570000  143.515827  125.253761    6.945271  -16.673599 
   6.580000  143.585280  125.087025    6.924435  -16.723578 
   6.590000  143.654524  124.919789    6.903662  -16.773407 
   6.600000  143.723561  124.752055    6.882951  -16.823087 
   6.610000  143.792390  124.583825    6.862302  -16.872618 
   6.620000  143.861013  124.415098    6.841715  -16.922000 
   6.630000  143.929430  124.245878    6.821190  -16.971234 
   6.640000  143.997642  124.076166    6.800726  -17.020320 
   6.650000  144.065650  123.905963    6.780324  -17.069259 
   6.660000  144.133453  123.735270    6.759983  -17.118052 
   6.670000  144.201053  123.564090    6.739703  -17.166697 
   6.680000  144.268450  123.392423    6.719484  -17.215197 
   6.690000  144.335645  123.220271    6.699325  -17.263552 
   6.700000  144.402638  123.047635    6.679228  -17.311761 
   6.710000  144.469430  122.874518    6.659190  -17.359826 
   6.720000  144.536022  122.700919    6.639212  -17.407746 
   6.730000  144.602414  122.526842    6.619295  -17.455523 
   6.740000  144.668607  122.352287    6.599437  -17.503157 
   6.750000  144.734601  122.177255    6.579638  -17.550647 
   6.760000  144.800398  122.001749    6.559900  -17.597995 
   6.770000  144.865997  121.825769    6.540220  -17.645201 
   6.780000  144.931399  121.649317    6.520599  -17.692266 
   6.790000  144.996605  121.472394    6.501037  -17.739189 
   6.800000  145.061615  121.295002    6.481534  -17.785971 
   6.810000  145.126431  121.117142    6.462090  -17.832613 
   6.820000  145.191052  120.938816    6.442703  -17.879115 
   6.830000  145.255479  120.760025    6.423375  -17.925478 
   6.840000  145.319712  120.580770    6.404105  -17.971702 
   6.850000  145.383753  120.401053    6.384893  -18.017787 
   6.860000  145.447602  120.220875    6.365738  -18.063733 
   6.870000  145.511260  120.040238    6.346641  -18.109542 
   6.880000  145.574726  119.859143    6.327601  -18.155213 
   6.890000  145.638002  119.677591    6.308618  -18.200748 
   6.900000  145.701088  119.495583    6.289692  -18.246145 
   6.910000  145.763985  119.313122    6.270823  -18.291407 
   6.920000  145.826694  119.130208    6.252011  -18.336533 
   6.930000  145.889214  118.946842    6.233255  -18.381523 
   6.940000  145.951546  118.763027    6.214555  -18.426379 
   6.950000  146.013692  118.578763    6.195911  -18.471099 
   6.960000  146.075651  118.394052    6.177324  -18.515686 
   6.970000  146.137424  118.208895    6.158792  -18.560139 
   6.980000  146.199012  118.023294    6.140315  -18.604459 
   6.990000  146.260415  117.837249    6.121894  -18.648645 
   7.000000  146.321634  117.650763    6.103529  -18.692699 
   7.010000  146.382669  117.463836    6.085218  -18.736621 
   7.020000  146.443522  117.276470    6.066962  -18.780411 
   7.030000  146.504191  117.088666    6.048762  -18.824070 
   7.040000  146.564679  116.900425    6.030615  -18.867598 
   7.050000  146.624985  116.711749    6.012523  -18.910995 
   7.060000  146.685110  116.522639    5.994486  -18.954262 
   7.070000  146.745055  116.333096    5.976502  -18.997399 
   7.080000  146.804820  116.143122    5.958573  -19.040407 
   7.090000  146.864406  115.952718    5.940697  -19.083286 
   7.100000  146.923813  115.761885    5.922875  -19.126036 
   7.110000  146.983042  115.570625    5.905106  -19.168658 
   7.120000  147.042093  115.378938    5.887391  -19.211152 
   7.130000  147.100967  115.186827    5.869729  -19.253519 
   7.140000  147.159664  114.994292    5.852120  -19.295758 
   7.150000  147.218185  114.801334    5.834563  -19.337871 
   7.160000  147.276531  114.607956    5.817060  -19.379857 
   7.170000  147.334701  114.414157    5.799608  -19.421718 
   7.180000  147.392697  114.219940    5.782210  -19.463452 
   7.190000  147.450519  114.025305    5.764863  -19.505062 
   7.200000  147.508168  113.830255    5.747568  -19.546547 
   7.210000  147.565644  113.634789    5.730326  -19.587907 
   7.220000  147.622947  113.438910    5.713135  -19.629144 
   7.230000  147.680078  113.242619    5.695995  -19.670256 
   7.240000  147.737038  113.045916    5.678907  -19.711245 
   7.250000  147.793827  112.848804    5.661871  -19.752112 
   7.260000  147.850446  112.651283    5.644885  -19.792855 
   7.270000  147.906895  112.453354    5.627950  -19.833477 
   7.280000  147.963174  112.255019    5.611067  -19.873976 
   7.290000  148.019285  112.056279    5.594233  -19.914354 
   7.300000  148.075227  111.857136    5.577451  -19.954611 
   7.310000  148.131002  111.657590    5.560718  -19.994747 
   7.320000  148.186609  111.457642    5.544036  -20.034763 
   7.330000  148.242049  111.257295    5.527404  -20.074659 
   7.340000  148.297324  111.056548    5.510822  -20.114435 
   7.350000  148.352432  110.855404    5.494289  -20.154092 
   7.360000  148.407375  110.653863    5.477806  -20.193629 
   7.370000  148.462153  110.451927    5.461373  -20.233048 
   7.380000  148.516766  110.249596    5.444989  -20.272349 
   7.390000  148.571216  110.046873    5.428654  -20.311532 
   7.400000  148.625503  109.843757    5.412368  -20.350598 
   7.410000  148.679627  109.640251    5.396131  -20.389546 
   7.420000  148.733588  109.436356    5.379943  -20.428377 
   7.430000  148.787387  109.232072    5.363803  -20.467092 
   7.440000  148.841025  109.027401    5.347711  -20.505691 
   7.450000  148.894502  108.822344    5.331668  -20.544174 
   7.460000  148.947819  108.616902    5.315673  -20.582541 
   7.470000  149.000976  108.411077    5.299726  -20.620794 
   7.480000  149.053973  108.204869    5.283827  -20.658931 
   7.490000  149.106811  107.998280    5.267975  -20.696954 
   7.500000  149.159491  107.791310    5.252172  -20.734864 
   7.510000  149.212013  107.583962    5.236415  -20.772659 
   7.520000  149.264377  107.376235    5.220706  -20.810341 
   7.530000  149.316584  107.168132    5.205044  -20.847910 
   7.540000  149.368634  106.959652    5.189429  -20.885366 
   7.550000  149.420529  106.750799    5.173860  -20.922710 
   7.560000  149.472267  106.541572    5.158339  -20.959942 
   7.570000  149.523851  106.331972    5.142864  -20.997062 
   7.580000  149.575279  106.122002    5.127435  -21.034071 
   7.590000  149.626554  105.911661    5.112053  -21.070969 
   7.600000  149.677674  105.700951    5.096717  -21.107756 
   7.610000  149.728641  105.489874    5.081426  -21.144433 
   7.620000  149.779456  105.278429    5.066182  -21.180999 
   7.630000  149.830117  105.066619    5.050984  -21.217456 
   7.640000  149.880627  104.854445    5.035831  -21.253804 
   7.650000  149.930986  104.641907    5.020723  -21.290043 
   7.660000  149.981193  104.429006    5.005661  -21.326172 
   7.670000  150.031249  104.215745    4.990644  -21.362194 
   7.680000  150.081156  104.002123    4.975672  -21.398107 
   7.690000  150.130913  103.788142    4.960745  -21.433913 
   7.700000  150.180520  103.573803    4.945863  -21.469611 
   7.710000  150.229979  103.359106    4.931025  -21.505202 
   7.720000  150.279289  103.144054    4.916232  -21.540687 
   7.730000  150.328451  102.928648    4.901483  -21.576065 
   7.740000  150.377466  102.712887    4.886779  -21.611337 
   7.750000  150.426334  102.496773    4.872119  -21.646503 
   7.760000  150.475055  102.280308    4.857502  -21.681563 
   7.770000  150.523630  102.063493    4.842930  -21.716518 
   7.780000  150.572059  101.846328    4.828401  -21.751369 
   7.790000  150.620343  101.628814    4.813916  -21.786115 
   7.800000  150.668483  101.410953    4.799474  -21.820756 
   7.810000  150.716477  101.192745    4.785076  -21.855294 
   7.820000  150.764328  100.974192    4.770720  -21.889728 
   7.830000  150.812035  100.755295    4.756408  -21.924059 
   7.840000  150.859599  100.536054    4.742139  -21.958287 
   7.850000  150.907021  100.316472    4.727913  -21.992412 
   7.860000  150.954300  100.096547    4.713729  -22.026435 
   7.870000  151.001437   99.876283    4.699588  -22.060355 
   7.880000  151.048433   99.655680    4.685489  -22.094174 
   7.890000  151.095288   99.434738    4.671432  -22.127892 
   7.900000  151.142002   99.213459    4.657418  -22.161508 
   7.910000  151.188576   98.991844    4.643446  -22.195024 
   7.920000  151.235011   98.769894    4.629516  -22.228439 
   7.930000  151.281306   98.547609    4.615627  -22.261753 
   7.940000  151.327462   98.324992    4.601780  -22.294968 
   7.950000  151.373480   98.102042    4.587975  -22.328083 
   7.960000  151.419360   97.878761    4.574211  -22.361099 
   7.970000  151.465102   97.655150    4.560488  -22.394016 
   7.980000  151.510707   97.431210    4.546807  -22.426834 
   7.990000  151.556175   97.206942    4.533166  -22.459553 
   8.000000  151.601507   96.982346    4.519567  -22.492174 
   8.010000  151.646702   96.757424    4.506008  -22.524698 
   8.020000  151.691762   96.532177    4.492490  -22.557124 
   8.030000  151.736687   96.306606    4.479013  -22.589452 
   8.040000  151.781477   96.080712    4.465576  -22.621684 
   8.050000  151.826133   95.854495    4.452179  -22.653819 
   8.060000  151.870655   95.627957    4.438822  -22.685858 
   8.070000  151.915043   95.401098    4.425506  -22.717800 
   8.080000  151.959298   95.173920    4.412229  -22.749647 
   8.090000  152.003421   94.946424    4.398993  -22.781398 
   8.100000  152.047410   94.718610    4.385796  -22.813053 
   8.110000  152.091268   94.490479    4.372638  -22.844614 
   8.120000  152.134995   94.262033    4.359520  -22.876080 
   8.130000  152.178590   94.033272    4.346442  -22.907452 
   8.140000  152.222054   93.804198    4.333403  -22.938730 
   8.150000  152.265388   93.574810    4.320402  -22.969914 
   8.160000  152.308592   93.345111    4.307441  -23.001004 
   8.170000  152.351667   93.115101    4.294519  -23.032001 
   8.180000  152.394612   92.884781    4.281635  -23.062905 
   8.190000  152.437428   92.654152    4.268790  -23.093716 
   8.200000  152.480116   92.423215    4.255984  -23.124435 
   8.210000  152.522676   92.191971    4.243216  -23.155062 
   8.220000  152.565108   91.960420    4.230486  -23.185596 
   8.230000  152.607413   91.728564    4.217795  -23.216040 
   8.240000  152.649591   91.496404    4.205142  -23.246392 
   8.250000  152.691643   91.263940    4.192526  -23.276652 
   8.260000  152.733568   91.031173    4.179949  -23.306822 
   8.270000  152.775367   90.798105    4.167409  -23.336902 
   8.280000  152.817041   90.564736    4.154906  -23.366891 
   8.290000  152.858590   90.331067    4.142442  -23.396791 
   8.300000  152.900015   90.097099    4.130014  -23.426600 
   8.310000  152.941315   89.862833    4.117624  -23.456320 
   8.320000  152.982491   89.628270    4.105271  -23.485951 
   8.330000  153.023544   89.393410    4.092956  -23.515494 
   8.340000  153.064474   89.158255    4.080677  -23.544947 
   8.350000  153.105280   88.922806    4.068435  -23.574312 
   8.360000  153.145965   88.687063    4.056229  -23.603589 
   8.370000  153.186527   88.451027    4.044061  -23.632779 
   8.380000  153.226968   88.214699    4.031929  -23.661880 
   8.390000  153.267287   87.978080    4.019833  -23.690895 
   8.400000  153.307485   87.741171    4.007773  -23.719822 
   8.410000  153.347563   87.503973    3.995750  -23.748662 
   8.420000  153.387520   87.266487    3.983763  -23.777416 
   8.430000  153.427358   87.028712    3.971811  -23.806084 
   8.440000  153.467076   86.790652    3.959896  -23.834666 
   8.450000  153.506675   86.552305    3.948016  -23.863162 
   8.460000  153.546155   86.313673    3.936172  -23.891572 
   8.470000  153.585517   86.074758    3.924364  -23.919898 
   8.480000  153.624761   85.835559    3.912591  -23.948138 
   8.490000  153.663887   85.596077    3.900853  -23.976294 
   8.500000  153.702895   85.356314    3.889150  -24.004365 
   8.510000  153.741787   85.116271    3.877483  -24.032352 
   8.520000  153.780561   84.875947    3.865850  -24.060255 
   8.530000  153.819220   84.635345    3.854253  -24.088074 
   8.540000  153.857762   84.394464    3.842690  -24.115810 
   8.550000  153.896189   84.153306    3.831162  -24.143462 
   8.560000  153.934501   83.911871    3.819669  -24.171032 
   8.570000  153.972698   83.670161    3.808210  -24.198519 
   8.580000  154.010780   83.428176    3.796785  -24.225923 
   8.590000  154.048748   83.185916    3.785395  -24.253245 
   8.600000  154.086602   82.943384    3.774038  -24.280486 
   8.610000  154.124342   82.700579    3.762716  -24.307644 
   8.620000  154.161969   82.457503    3.751428  -24.334721 
   8.630000  154.199483   82.214155    3.740174  -24.361717 
   8.640000  154.236885   81.970538    3.728953  -24.388632 
   8.650000  154.274175   81.726652    3.717766  -24.415466 
   8.660000  154.311352   81.482497    3.706613  -24.442220 
   8.670000  154.348418   81.238075    3.695493  -24.468893 
   8.680000  154.385373   80.993386    3.684407  -24.495486 
   8.690000  154.422217   80.748431    3.673354  -24.522000 
   8.700000  154.458951   80.503211    3.662334  -24.548434 
   8.710000  154.495574   80.257727    3.651347  -24.574789 
   8.720000  154.532088   80.011979    3.640393  -24.601064 
   8.730000  154.568492   79.765968    3.629471  -24.627261 
   8.740000  154.604786   79.519696    3.618583  -24.653379 
   8.750000  154.640972   79.273162    3.607727  -24.679419 
   8.760000  154.677049   79.026368    3.596904  -24.705381 
   8.770000  154.713019   78.779314    3.586113  -24.731265 
   8.780000  154.748880   78.532001    3.575355  -24.757071 
   8.790000  154.784633   78.284431    3.564629  -24.782800 
   8.800000  154.820280   78.036603    3.553935  -24.808451 
   8.810000  154.855819   77.788518    3.543273  -24.834026 
   8.820000  154.891252   77.540178    3.532643  -24.859524 
   8.830000  154.926578   77.291583    3.522045  -24.884945 
   8.840000  154.961798   77.042733    3.511479  -24.910290 
   8.850000  154.996913   76.793630    3.500945  -24.935560 
   8.860000  155.031923   76.544275    3.490442  -24.960753 
   8.870000  155.066827   76.294667    3.479971  -24.985871 
   8.880000  155.101627   76.044808    3.469531  -25.010913 
   8.890000  155.136322   75.794699    3.459122  -25.035880 
   8.900000  155.170913   75.544340    3.448745  -25.060773 
   8.910000  155.205401   75.293733    3.438399  -25.085590 
   8.920000  155.239785   75.042877    3.428083  -25.110334 
   8.930000  155.274066   74.791774    3.417799  -25.135003 
   8.940000  155.308244   74.540423    3.407546  -25.159598 
   8.950000  155.342319   74.288828    3.397323  -25.184119 
   8.960000  155.376292   74.036986    3.387131  -25.208566 
   8.970000  155.410164   73.784901    3.376970  -25.232941 
   8.980000  155.443933   73.532571    3.366839  -25.257242 
   8.990000  155.477602   73.279999    3.356738  -25.281470 
   9.000000  155.511169   73.027184    3.346668  -25.305626 
   9.010000  155.544636   72.774128    3.336628  -25.329709 
   9.020000  155.578002   72.520831    3.326618  -25.353720 
   9.030000  155.611268   72.267294    3.316638  -25.377659 
   9.040000  155.644435   72.013517    3.306688  -25.401526 
   9.050000  155.677502   71.759502    3.296768  -25.425321 
   9.060000  155.710469   71.505249    3.286878  -25.449045 
   9.070000  155.743338   71.250758    3.277017  -25.472698 
   9.080000  155.776108   70.996031    3.267186  -25.496280 
   9.090000  155.808780   70.741068    3.257385  -25.519791 
   9.100000  155.841354   70.485870    3.247613  -25.543232 
   9.110000  155.873830   70.230438    3.237870  -25.566602 
   9.120000  155.906209   69.974772    3.228156  -25.589902 
   9.130000  155.938490   69.718873    3.218472  -25.613132 
   9.140000  155.970675   69.462742    3.208816  -25.636293 
   9.150000  156.002763   69.206379    3.199190  -25.659384 
   9.160000  156.034755   68.949785    3.189592  -25.682406 
   9.170000  156.066651   68.692961    3.180024  -25.705359 
   9.180000  156.098451   68.435907    3.170484  -25.728243 
   9.190000  156.130156   68.178625    3.160972  -25.751058 
   9.200000  156.161766   67.921114    3.151489  -25.773805 
   9.210000  156.193281   67.663376    3.142035  -25.796483 
   9.220000  156.224701   67.405411    3.132609  -25.819094 
   9.230000  156.256027   67.147220    3.123211  -25.841637 
   9.240000  156.287259   66.888804    3.113841  -25.864112 
   9.250000  156.318398   66.630163    3.104500  -25.886519 
   9.260000  156.349443   66.371298    3.095186  -25.908860 
   9.270000  156.380394   66.112209    3.085901  -25.931133 
   9.280000  156.411253   65.852898    3.076643  -25.953340 
   9.290000  156.442020   65.593364    3.067413  -25.975480 
   9.300000  156.472694   65.333610    3.058211  -25.997553 
   9.310000  156.503276   65.073634    3.049036  -26.019561 
   9.320000  156.533766   64.813439    3.039889  -26.041502 
   9.330000  156.564165   64.553023    3.030769  -26.063378 
   9.340000  156.594473   64.292390    3.021677  -26.085187 
   9.350000  156.624690   64.031538    3.012612  -26.106932 
   9.360000  156.654816   63.770469    3.003574  -26.128611 
   9.370000  156.684852   63.509182    2.994563  -26.150225 
   9.380000  156.714797   63.247680    2.985580  -26.171775 
   9.390000  156.744653   62.985962    2.976623  -26.193259 
   9.400000  156.774419   62.724030    2.967693  -26.214679 
   9.410000  156.804096   62.461883    2.958790  -26.236035 
   9.420000  156.833684   62.199523    2.949914  -26.257327 
   9.430000  156.863183   61.936949    2.941064  -26.278555 
   9.440000  156.892594   61.674164    2.932241  -26.299720 
   9.450000  156.921916   61.411167    2.923444  -26.320821 
   9.460000  156.951151   61.147958    2.914674  -26.341858 
   9.470000  156.980298   60.884540    2.905930  -26.362832 
   9.480000  157.009357   60.620912    2.897212  -26.383744 
   9.490000  157.038329   60.357074    2.888520  -26.404593 
   9.500000  157.067214   60.093028    2.879855  -26.425379 
   9.510000  157.096013   59.828774    2.871215  -26.446103 
   9.520000  157.124725   59.564313    2.862601  -26.466765 
   9.530000  157.153351   59.299646    2.854014  -26.487364 
   9.540000  157.181891   59.034772    2.845452  -26.507902 
   9.550000  157.210346   58.769693    2.836915  -26.528378 
   9.560000  157.238715   58.504409    2.828404  -26.548793 
   9.570000  157.266999   58.238921    2.819919  -26.569147 
   9.580000  157.295198   57.973230    2.811459  -26.589439 
   9.590000  157.323313   57.707335    2.803025  -26.609671 
   9.600000  157.351343   57.441239    2.794616  -26.629842 
   9.610000  157.379289   57.174940    2.786232  -26.649953 
   9.620000  157.407151   56.908441    2.777873  -26.670003 
   9.630000  157.434930   56.641741    2.769540  -26.689993 
   9.640000  157.462625   56.374841    2.761231  -26.709923 
   9.650000  157.490238   56.107742    2.752948  -26.729793 
   9.660000  157.517767   55.840444    2.744689  -26.749604 
   9.670000  157.545214   55.572948    2.736455  -26.769355 
   9.680000  157.572579   55.305254    2.728245  -26.789047 
   9.690000  157.599861   55.037364    2.720061  -26.808680 
   9.700000  157.627062   54.769277    2.711900  -26.828254 
   9.710000  157.654181   54.500994    2.703765  -26.847769 
   9.720000  157.681218   54.232517    2.695653  -26.867226 
   9.730000  157.708175   53.963844    2.687566  -26.886624 
   9.740000  157.735051   53.694978    2.679504  -26.905964 
   9.750000  157.761846   53.425918    2.671465  -26.925246 
   9.760000  157.788560   53.156666    2.663451  -26.944470 
   9.770000  157.815195   52.887221    2.655460  -26.963637 
   9.780000  157.841749   52.617585    2.647494  -26.982746 
   9.790000  157.868224   52.347758    2.639552  -27.001798 
   9.800000  157.894620   52.077740    2.631633  -27.020792 
   9.810000  157.920936   51.807532    2.623738  -27.039730 
   9.820000  157.947173   51.537134    2.615867  -27.058611 
   9.830000  157.973332   51.266548    2.608019  -27.077435 
   9.840000  157.999412   50.995774    2.600195  -27.096203 
   9.850000  158.025414   50.724812    2.592395  -27.114914 
   9.860000  158.051338   50.453663    2.584617  -27.133569 
   9.870000  158.077184   50.182327    2.576864  -27.152169 
   9.880000  158.102953   49.910805    2.569133  -27.170712 
   9.890000  158.128644   49.639098    2.561426  -27.189200 
   9.900000  158.154259   49.367206    2.553741  -27.207632 
   9.910000  158.179796   49.095130    2.546080  -27.226009 
   9.920000  158.205257   48.822870    2.538442  -27.244331 
   9.930000  158.230641   48.550426    2.530826  -27.262598 
   9.940000  158.255950   48.277800    2.523234  -27.280811 
   9.950000  158.281182   48.004992    2.515664  -27.298968 
   9.960000  158.306339   47.732003    2.508117  -27.317071 
   9.970000  158.331420   47.458832    2.500593  -27.335120 
   9.980000  158.356426   47.185481    2.493091  -27.353115 
   9.990000  158.381357   46.911950    2.485612  -27.371055 
  10.000000  158.406213   46.638239    2.478155  -27.388942 
  10.010000  158.430994   46.364350    2.470721  -27.406775 
  10.020000  158.455701   46.090282    2.463308  -27.424555 
  10.030000  158.480334   45.816036    2.455919  -27.442281 
  10.040000  158.504894   45.541614    2.448551  -27.459955 
  10.050000  158.529379   45.267014    2.441205  -27.477575 
  10.060000  158.553791   44.992238    2.433882  -27.495142 
  10.070000  158.578130   44.717287    2.426580  -27.512657 
  10.080000  158.602396   44.442160    2.419300  -27.530119 
  10.090000  158.626589   44.166859    2.412042  -27.547528 
  10.100000  158.650709   43.891384    2.404806  -27.564886 
  10.110000  158.674757   43.615735    2.397592  -27.582191 
  10.120000  158.698733   43.339913    2.390399  -27.599444 
  10.130000  158.722637   43.063919    2.383228  -27.616646 
  10.140000  158.746470   42.787752    2.376078  -27.633796 
  10.150000  158.770230   42.511414    2.368950  -27.650895 
  10.160000  158.793920   42.234905    2.361843  -27.667942 
  10.170000  158.817538   41.958226    2.354757  -27.684938 
  10.180000  158.841086   41.681376    2.347693  -27.701883 
  10.190000  158.864563   41.404358    2.340650  -27.718778 
  10.200000  158.887969   41.127170    2.333628  -27.735621 
  10.210000  158.911305   40.849814    2.326627  -27.752415 
  10.220000  158.934572   40.572289    2.319647  -27.769157 
  10.230000  158.957768   40.294598    2.312688  -27.785850 
  10.240000  158.980895   40.016739    2.305750  -27.802492 
  10.250000  159.003953   39.738714    2.298833  -27.819085 
  10.260000  159.026941   39.460524    2.291937  -27.835628 
  10.270000  159.049860   39.182167    2.285061  -27.852121 
  10.280000  159.072711   38.903646    2.278206  -27.868564 
  10.290000  159.095493   38.624960    2.271371  -27.884959 
  10.300000  159.118207   38.346111    2.264557  -27.901304 
  10.310000  159.140852   38.067098    2.257763  -27.917600 
  10.320000  159.163430   37.787922    2.250990  -27.933847 
  10.330000  159.185940   37.508583    2.244237  -27.950046 
  10.340000  159.208382   37.229083    2.237504  -27.966195 
  10.350000  159.230757   36.949421    2.230792  -27.982297 
  10.360000  159.253065   36.669598    2.224099  -27.998350 
  10.370000  159.275306   36.389614    2.217427  -28.014355 
  10.380000  159.297480   36.109471    2.210775  -28.030312 
  10.390000  159.319588   35.829168    2.204142  -28.046221 
  10.400000  159.341630   35.548706    2.197530  -28.062082 
  10.410000  159.363605   35.268085    2.190937  -28.077896 
  10.420000  159.385514   34.987306    2.184365  -28.093662 
  10.430000  159.407358   34.706369    2.177812  -28.109381 
  10.440000  159.429136   34.425275    2.171278  -28.125053 
  10.450000  159.450849   34.144025    2.164764  -28.140678 
  10.460000  159.472496   33.862618    2.158270  -28.156256 
  10.470000  159.494079   33.581056    2.151795  -28.171787 
  10.480000  159.515597   33.299338    2.145340  -28.187272 
  10.490000  159.537050   33.017465    2.138904  -28.202710 
  10.500000  159.558440   32.735438    2.132487  -28.218102 
  10.510000  159.579764   32.453257    2.126090  -28.233448 
  10.520000  159.601025   32.170922    2.119711  -28.248747 
  10.530000  159.622222   31.888435    2.113352  -28.264001 
  10.540000  159.643356   31.605795    2.107012  -28.279209 
  10.550000  159.664426   31.323003    2.100691  -28.294371 
  10.560000  159.685433   31.040059    2.094389  -28.309488 
  10.570000  159.706377   30.756964    2.088106  -28.324560 
  10.580000  159.727258   30.473719    2.081842  -28.339586 
  10.590000  159.748076   30.190323    2.075596  -28.354567 
  10.600000  159.768832   29.906777    2.069369  -28.369504 
  10.610000  159.789526   29.623082    2.063161  -28.384395 
  10.620000  159.810158   29.339238    2.056972  -28.399242 
  10.630000  159.830727   29.055246    2.050801  -28.414044 
  10.640000  159.851235   28.771105    2.044648  -28.428802 
  10.650000  159.871682   28.486817    2.038514  -28.443516 
  10.660000  159.892067   28.202382    2.032399  -28.458185 
  10.670000  159.912391   27.917800    2.026302  -28.472811 
  10.680000  159.932654   27.633072    2.020223  -28.487392 
  10.690000  159.952856   27.348198    2.014162  -28.501930 
  10.700000  159.972998   27.063179    2.008120  -28.516424 
  10.710000  159.993079   26.778015    2.002095  -28.530875 
  10.720000  160.013100   26.492706    1.996089  -28.545282 
  10.730000  160.033061   26.207253    1.990101  -28.559646 
  10.740000  160.052962   25.921657    1.984130  -28.573967 
  10.750000  160.072803   25.635917    1.978178  -28.588246 
  10.760000  160.092585   25.350034    1.972243  -28.602481 
  10.770000  160.112307   25.064010    1.966327  -28.616673 
  10.780000  160.131971   24.777843    1.960428  -28.630823 
  10.790000  160.151575   24.491535    1.954546  -28.644931 
  10.800000  160.171120   24.205085    1.948683  -28.658996 
  10.810000  160.190607   23.918495    1.942837  -28.673019 
  10.820000  160.210036   23.631765    1.937008  -28.687000 
  10.830000  160.229406   23.344895    1.931197  -28.700939 
  10.840000  160.248718   23.057886    1.925404  -28.714836 
  10.850000  160.267972   22.770737    1.919627  -28.728692 
  10.860000  160.287168   22.483451    1.913869  -28.742506 
  10.870000  160.306307   22.196025    1.908127  -28.756278 
  10.880000  160.325388   21.908463    1.902403  -28.770009 
  10.890000  160.344412   21.620763    1.896695  -28.783699 
  10.900000  160.363379   21.332926    1.891005  -28.797348 
  10.910000  160.382289   21.044952    1.885332  -28.810956 
  10.920000  160.401142   20.756843    1.879676  -28.824523 
  10.930000  160.419939   20.468597    1.874037  -28.838050 
  10.940000  160.438679   20.180217    1.868415  -28.851536 
  10.950000  160.457363   19.891701    1.862810  -28.864981 
  10.960000  160.475992   19.603052    1.857221  -28.878386 
  10.970000  160.494564   19.314268    1.851650  -28.891751 
  10.980000  160.513080   19.025350    1.846095  -28.905076 
  10.990000  160.531541   18.736300    1.840556  -28.918360 
  11.000000  160.549947   18.447116    1.835035  -28.931605 
  11.010000  160.568297   18.157800    1.829530  -28.944810 
  11.020000  160.586592   17.868352    1.824041  -28.957976 
  11.030000  160.604833   17.578772    1.818569  -28.971102 
  11.040000  160.623019   17.289061    1.813113  -28.984189 
  11.050000  160.641150   16.999219    1.807674  -28.997236 
  11.060000  160.659226   16.709247    1.802251  -29.010245 
  11.070000  160.677249   16.419144    1.796844  -29.023214 
  11.080000  160.695217   16.128912    1.791454  -29.036144 
  11.090000  160.713132   15.838551    1.786079  -29.049036 
  11.100000  160.730993   15.548060    1.780721  -29.061889 
  11.110000  160.748800   15.257441    1.775379  -29.074703 
  11.120000  160.766554   14.966694    1.770053  -29.087479 
  11.130000  160.784254   14.675820    1.764743  -29.100216 
  11.140000  160.801902   14.384817    1.759448  -29.112916 
  11.150000  160.819496   14.093688    1.754170  -29.125577 
  11.160000  160.837038   13.802433    1.748908  -29.138200 
  11.170000  160.854527   13.511051    1.743661  -29.150786 
  11.180000  160.871964   13.219543    1.738430  -29.163333 
  11.190000  160.889348   12.927909    1.733215  -29.175843 
  11.200000  160.906680   12.636151    1.728015  -29.188316 
  11.210000  160.923960   12.344268    1.722831  -29.200751 
  11.220000  160.941188   12.052260    1.717662  -29.213149 
  11.230000  160.958365   11.760129    1.712509  -29.225509 
  11.240000  160.975490   11.467874    1.707372  -29.237833 
  11.250000  160.992564   11.175495    1.702250  -29.250119 
  11.260000  161.009586   10.882994    1.697143  -29.262369 
  11.270000  161.026558   10.590370    1.692052  -29.274582 
  11.280000  161.043478   10.297625    1.686975  -29.286758 
  11.290000  161.060348   10.004757    1.681914  -29.298898 
  11.300000  161.077167    9.711768    1.676869  -29.311001 
  11.310000  161.093936    9.418658    1.671838  -29.323068 
  11.320000  161.110654    9.125427    1.666823  -29.335099 
  11.330000  161.127322    8.832076    1.661822  -29.347093 
  11.340000  161.143941    8.538605    1.656837  -29.359052 
  11.350000  161.160509    8.245015    1.651866  -29.370975 
  11.360000  161.177028    7.951305    1.646911  -29.382862 
  11.370000  161.193497    7.657477    1.641970  -29.394713 
  11.380000  161.209917    7.363529    1.637044  -29.406529 
  11.390000  161.226287    7.069464    1.632133  -29.418310 
  11.400000  161.242608    6.775281    1.627236  -29.430055 
  11.410000  161.258881    6.480981    1.622355  -29.441765 
  11.420000  161.275104    6.186563    1.617488  -29.453439 
  11.430000  161.291279    5.892028    1.612635  -29.465079 
  11.440000  161.307405    5.597378    1.607797  -29.476684 
  11.450000  161.323483    5.302611    1.602974  -29.488254 
  11.460000  161.339513    5.007728    1.598165  -29.499789 
  11.470000  161.355495    4.712730    1.593370  -29.511290 
  11.480000  161.371429    4.417618    1.588590  -29.522756 
  11.490000  161.387314    4.122390    1.583825  -29.534188 
  11.500000  161.403153    3.827048    1.579073  -29.545585 
  11.510000  161.418943    3.531592    1.574336  -29.556948 
  11.520000  161.434687    3.236023    1.569613  -29.568277 
  11.530000  161.450383    2.940340    1.564904  -29.579573 
  11.540000  161.466032    2.644544    1.560209  -29.590834 
  11.550000  161.481634    2.348636    1.555529  -29.602061 
  11.560000  161.497189    2.052615    1.550862  -29.613255 
  11.570000  161.512698    1.756483    1.546209  -29.624415 
  11.580000  161.528160    1.460239    1.541571  -29.635542 
  11.590000  161.543576    1.163883    1.536946  -29.646635 
  11.600000  161.558945    0.867417    1.532335  -29.657696 
  11.610000  161.574269    0.570840    1.527738  -29.668722 
  11.620000  161.589546    0.274153    1.523155  -29.679716 
