   0.000000    0.000000    0.000000   70.710690   70.710667 
   0.010000    0.707107    0.707107   70.710690   70.610667 
   0.020000    1.414214    1.413213   70.710690   70.510667 
   0.030000    2.121321    2.118320   70.710690   70.410667 
   0.040000    2.828428    2.822427   70.710690   70.310667 
   0.050000    3.535534    3.525533   70.710690   70.210667 
   0.060000    4.242641    4.227640   70.710690   70.110667 
   0.070000    4.949748    4.928747   70.710690   70.010667 
   0.080000    5.656855    5.628853   70.710690   69.910667 
   0.090000    6.363962    6.327960   70.710690   69.810667 
   0.100000    7.071069    7.026067   70.710690   69.710667 
   0.110000    7.778176    7.723173   70.710690   69.610667 
   0.120000    8.485283    8.419280   70.710690   69.510667 
   0.130000    9.192390    9.114387   70.710690   69.410667 
   0.140000    9.899497    9.808493   70.710690   69.310667 
   0.150000   10.606603   10.501600   70.710690   69.210667 
   0.160000   11.313710   11.193707   70.710690   69.110667 
   0.170000   12.020817   11.884813   70.710690   69.010667 
   0.180000   12.727924   12.574920   70.710690   68.910667 
   0.190000   13.435031   13.264027   70.710690   68.810667 
   0.200000   14.142138   13.952133   70.710690   68.710667 
   0.210000   14.849245   14.639240   70.710690   68.610667 
   0.220000   15.556352   15.325347   70.710690   68.510667 
   0.230000   16.263459   16.010453   70.710690   68.410667 
   0.240000   16.970566   16.694560   70.710690   68.310667 
   0.250000   17.677672   17.377667   70.710690   68.210667 
   0.260000   18.384779   18.059773   70.710690   68.110667 
   0.270000   19.091886   18.740880   70.710690   68.010667 
   0.280000   19.798993   19.420987   70.710690   67.910667 
   0.290000   20.506100   20.100093   70.710690   67.810667 
   0.300000   21.213207   20.778200   70.710690   67.710667 
   0.310000   21.920314   21.455307   70.710690   67.610667 
   0.320000   22.627421   22.131413   70.710690   67.510667 
   0.330000   23.334528   22.806520   70.710690   67.410667 
   0.340000   24.041634   23.480627   70.710690   67.310667 
   0.350000   24.748741   24.153733   70.710690   67.210667 
   0.360000   25.455848   24.825840   70.710690   67.110667 
   0.370000   26.162955   25.496947   70.710690   67.010667 
   0.380000   26.870062   26.167053   70.710690   66.910667 
   0.390000   27.577169   26.836160   70.710690   66.810667 
   0.400000   28.284276   27.504267   70.710690   66.710667 
   0.410000   28.991383   28.171373   70.710690   66.610667 
   0.420000   29.698490   28.837480   70.710690   66.510667 
   0.430000   30.405597   29.502587   70.710690   66.410667 
   0.440000   31.112703   30.166693   70.710690   66.310667 
   0.450000   31.819810   30.829800   70.710690   66.210667 
   0.460000   32.526917   31.491907   70.710690   66.110667 
   0.470000   33.234024   32.153013   70.710690   66.010667 
   0.480000   33.941131   32.813120   70.710690   65.910667 
   0.490000   34.648238   33.472227   70.710690   65.810667 
   0.500000   35.355345   34.130333   70.710690   65.710667 
   0.510000   36.062452   34.787440   70.710690   65.610667 
   0.520000   36.769559   35.443547   70.710690   65.510667 
   0.530000   37.476666   36.098653   70.710690   65.410667 
   0.540000   38.183772   36.752760   70.710690   65.310667 
   0.550000   38.890879   37.405867   70.710690   65.210667 
   0.560000   39.597986   38.057973   70.710690   65.110667 
   0.570000   40.305093   38.709080   70.710690   65.010667 
   0.580000   41.012200   39.359187   70.710690   64.910667 
   0.590000   41.719307   40.008293   70.710690   64.810667 
   0.600000   42.426414   40.656400   70.710690   64.710667 
   0.610000   43.133521   41.303507   70.710690   64.610667 
   0.620000   43.840628   41.949613   70.710690   64.510667 
   0.630000   44.547734   42.594720   70.710690   64.410667 
   0.640000   45.254841   43.238827   70.710690   64.310667 
   0.650000   45.961948   43.881933   70.710690   64.210667 
   0.660000   46.669055   44.524040   70.710690   64.110667 
   0.670000   47.376162   45.165147   70.710690   64.010667 
   0.680000   48.083269   45.805253   70.710690   63.910667 
   0.690000   48.790376   46.444360   70.710690   63.810667 
   0.700000   49.497483   47.082467   70.710690   63.710667 
   0.710000   50.204590   47.719573   70.710690   63.610667 
   0.720000   50.911697   48.355680   70.710690   63.510667 
   0.730000   51.618803   48.990787   70.710690   63.410667 
   0.740000   52.325910   49.624893   70.710690   63.310667 
   0.750000   53.033017   50.258000   70.710690   63.210667 
   0.760000   53.740124   50.890107   70.710690   63.110667 
   0.770000   54.447231   51.521213   70.710690   63.010667 
   0.780000   55.154338   52.151320   70.710690   62.910667 
   0.790000   55.861445   52.780427   70.710690   62.810667 
   0.800000   56.568552   53.408533   70.710690   62.710667 
   0.810000   57.275659   54.035640   70.710690   62.610667 
   0.820000   57.982766   54.661747   70.710690   62.510667 
   0.830000   58.689872   55.286853   70.710690   62.410667 
   0.840000   59.396979   55.910960   70.710690   62.310667 
   0.850000   60.104086   56.534067   70.710690   62.210667 
   0.860000   60.811193   57.156173   70.710690   62.110667 
   0.870000   61.518300   57.777280   70.710690   62.010667 
   0.880000   62.225407   58.397387   70.710690   61.910667 
   0.890000   62.932514   59.016493   70.710690   61.810667 
   0.900000   63.639621   59.634600   70.710690   61.710667 
   0.910000   64.346728   60.251707   70.710690   61.610667 
   0.920000   65.053834   60.867813   70.710690   61.510667 
   0.930000   65.760941   61.482920   70.710690   61.410667 
   0.940000   66.468048   62.097027   70.710690   61.310667 
   0.950000   67.175155   62.710133   70.710690   61.210667 
   0.960000   67.882262   63.322240   70.710690   61.110667 
   0.970000   68.589369   63.933347   70.710690   61.010667 
   0.980000   69.296476   64.543453   70.710690   60.910667 
   0.990000   70.003583   65.152560   70.710690   60.810667 
   1.000000   70.710690   65.760667   70.710690   60.710667 
   1.010000   71.417797   66.367773   70.710690   60.610667 
   1.020000   72.124903   66.973880   70.710690   60.510667 
   1.030000   72.832010   67.578987   70.710690   60.410667 
   1.040000   73.539117   68.183093   70.710690   60.310667 
   1.050000   74.246224   68.786200   70.710690   60.210667 
   1.060000   74.953331   69.388307   70.710690   60.110667 
   1.070000   75.660438   69.989413   70.710690   60.010667 
   1.080000   76.367545   70.589520   70.710690   59.910667 
   1.090000   77.074652   71.188627   70.710690   59.810667 
   1.100000   77.781759   71.786733   70.710690   59.710667 
   1.110000   78.488866   72.383840   70.710690   59.610667 
   1.120000   79.195972   72.979947   70.710690   59.510667 
   1.130000   79.903079   73.575053   70.710690   59.410667 
   1.140000   80.610186   74.169160   70.710690   59.310667 
   1.150000   81.317293   74.762267   70.710690   59.210667 
   1.160000   82.024400   75.354373   70.710690   59.110667 
   1.170000   82.731507   75.945480   70.710690   59.010667 
   1.180000   83.438614   76.535587   70.710690   58.910667 
   1.190000   84.145721   77.124693   70.710690   58.810667 
   1.200000   84.852828   77.712800   70.710690   58.710667 
   1.210000   85.559935   78.299907   70.710690   58.610667 
   1.220000   86.267041   78.886013   70.710690   58.510667 
   1.230000   86.974148   79.471120   70.710690   58.410667 
   1.240000   87.681255   80.055227   70.710690   58.310667 
   1.250000   88.388362   80.638333   70.710690   58.210667 
   1.260000   89.095469   81.220440   70.710690   58.110667 
   1.270000   89.802576   81.801547   70.710690   58.010667 
   1.280000   90.509683   82.381653   70.710690   57.910667 
   1.290000   91.216790   82.960760   70.710690   57.810667 
   1.300000   91.923897   83.538867   70.710690   57.710667 
   1.310000   92.631003   84.115973   70.710690   57.610667 
   1.320000   93.338110   84.692080   70.710690   57.510667 
   1.330000   94.045217   85.267187   70.710690   57.410667 
   1.340000   94.752324   85.841293   70.710690   57.310667 
   1.350000   95.459431   86.414400   70.710690   57.210667 
   1.360000   96.166538   86.986507   70.710690   57.110667 
   1.370000   96.873645   87.557613   70.710690   57.010667 
   1.380000   97.580752   88.127720   70.710690   56.910667 
   1.390000   98.287859   88.696827   70.710690   56.810667 
   1.400000   98.994966   89.264933   70.710690   56.710667 
   1.410000   99.702072   89.832040   70.710690   56.610667 
   1.420000  100.409179   90.398147   70.710690   56.510667 
   1.430000  101.116286   90.963253   70.710690   56.410667 
   1.440000  101.823393   91.527360   70.710690   56.310667 
   1.450000  102.530500   92.090467   70.710690   56.210667 
   1.460000  103.237607   92.652573   70.710690   56.110667 
   1.470000  103.944714   93.213680   70.710690   56.010667 
   1.480000  104.651821   93.773787   70.710690   55.910667 
   1.490000  105.358928   94.332893   70.710690   55.810667 
   1.500000  106.066035   94.891000   70.710690   55.710667 
   1.510000  106.773141   95.448107   70.710690   55.610667 
   1.520000  107.480248   96.004213   70.710690   55.510667 
   1.530000  108.187355   96.559320   70.710690   55.410667 
   1.540000  108.894462   97.113427   70.710690   55.310667 
   1.550000  109.601569   97.666533   70.710690   55.210667 
   1.560000  110.308676   98.218640   70.710690   55.110667 
   1.570000  111.015783   98.769747   70.710690   55.010667 
   1.580000  111.722890   99.319853   70.710690   54.910667 
   1.590000  112.429997   99.868960   70.710690   54.810667 
   1.600000  113.137103  100.417067   70.710690   54.710667 
   1.610000  113.844210  100.964173   70.710690   54.610667 
   1.620000  114.551317  101.510280   70.710690   54.510667 
   1.630000  115.258424  102.055387   70.710690   54.410667 
   1.640000  115.965531  102.599493   70.710690   54.310667 
   1.650000  116.672638  103.142600   70.710690   54.210667 
   1.660000  117.379745  103.684706   70.710690   54.110667 
   1.670000  118.086852  104.225813   70.710690   54.010667 
   1.680000  118.793959  104.765920   70.710690   53.910667 
   1.690000  119.501066  105.305026   70.710690   53.810667 
   1.700000  120.208172  105.843133   70.710690   53.710667 
   1.710000  120.915279  106.380240   70.710690   53.610667 
   1.720000  121.622386  106.916346   70.710690   53.510667 
   1.730000  122.329493  107.451453   70.710690   53.410667 
   1.740000  123.036600  107.985560   70.710690   53.310667 
   1.750000  123.743707  108.518666   70.710690   53.210667 
   1.760000  124.450814  109.050773   70.710690   53.110667 
   1.770000  125.157921  109.581880   70.710690   53.010667 
   1.780000  125.865028  110.111986   70.710690   52.910667 
   1.790000  126.572135  110.641093   70.710690   52.810667 
   1.800000  127.279241  111.169200   70.710690   52.710667 
   1.810000  127.986348  111.696306   70.710690   52.610667 
   1.820000  128.693455  112.222413   70.710690   52.510667 
   1.830000  129.400562  112.747520   70.710690   52.410667 
   1.840000  130.107669  113.271626   70.710690   52.310667 
   1.850000  130.814776  113.794733   70.710690   52.210667 
   1.860000  131.521883  114.316840   70.710690   52.110667 
   1.870000  132.228990  114.837946   70.710690   52.010667 
   1.880000  132.936097  115.358053   70.710690   51.910667 
   1.890000  133.643203  115.877160   70.710690   51.810667 
   1.900000  134.350310  116.395266   70.710690   51.710667 
   1.910000  135.057417  116.912373   70.710690   51.610667 
   1.920000  135.764524  117.428480   70.710690   51.510667 
   1.930000  136.471631  117.943586   70.710690   51.410667 
   1.940000  137.178738  118.457693   70.710690   51.310667 
   1.950000  137.885845  118.970800   70.710690   51.210667 
   1.960000  138.592952  119.482906   70.710690   51.110667 
   1.970000  139.300059  119.994013   70.710690   51.010667 
   1.980000  140.007166  120.504120   70.710690   50.910667 
   1.990000  140.714272  121.013226   70.710690   50.810667 
   2.000000  141.421379  121.521333   70.710690   50.710667 
   2.010000  142.128486  122.028440   70.710690   50.610667 
   2.020000  142.835593  122.534546   70.710690   50.510667 
   2.030000  143.542700  123.039653   70.710690   50.410667 
   2.040000  144.249807  123.543760   70.710690   50.310667 
   2.050000  144.956914  124.046866   70.710690   50.210667 
   2.060000  145.664021  124.548973   70.710690   50.110667 
   2.070000  146.371128  125.050080   70.710690   50.010667 
   2.080000  147.078235  125.550186   70.710690   49.910667 
   2.090000  147.785341  126.049293   70.710690   49.810667 
   2.100000  148.492448  126.547400   70.710690   49.710667 
   2.110000  149.199555  127.044506   70.710690   49.610667 
   2.120000  149.906662  127.540613   70.710690   49.510667 
   2.130000  150.613769  128.035720   70.710690   49.410667 
   2.140000  151.320876  128.529826   70.710690   49.310667 
   2.150000  152.027983  129.022933   70.710690   49.210667 
   2.160000  152.735090  129.515040   70.710690   49.110667 
   2.170000  153.442197  130.006146   70.710690   49.010667 
   2.180000  154.149303  130.496253   70.710690   48.910667 
   2.190000  154.856410  130.985360   70.710690   48.810667 
   2.200000  155.563517  131.473466   70.710690   48.710667 
   2.210000  156.270624  131.960573   70.710690   48.610667 
   2.220000  156.977731  132.446680   70.710690   48.510667 
   2.230000  157.684838  132.931786   70.710690   48.410667 
   2.240000  158.391945  133.415893   70.710690   48.310667 
   2.250000  159.099052  133.899000   70.710690   48.210667 
   2.260000  159.806159  134.381106   70.710690   48.110667 
   2.270000  160.513266  134.862213   70.710690   48.010667 
   2.280000  161.220372  135.342320   70.710690   47.910667 
   2.290000  161.927479  135.821426   70.710690   47.810667 
   2.300000  162.634586  136.299533   70.710690   47.710667 
   2.310000  163.341693  136.776640   70.710690   47.610667 
   2.320000  164.048800  137.252746   70.710690   47.510667 
   2.330000  164.755907  137.727853   70.710690   47.410667 
   2.340000  165.463014  138.201960   70.710690   47.310667 
   2.350000  166.170121  138.675066   70.710690   47.210667 
   2.360000  166.877228  139.147173   70.710690   47.110667 
   2.370000  167.584335  139.618280   70.710690   47.010667 
   2.380000  168.291441  140.088386   70.710690   46.910667 
   2.390000  168.998548  140.557493   70.710690   46.810667 
   2.400000  169.705655  141.025600   70.710690   46.710667 
   2.410000  170.412762  141.492706   70.710690   46.610667 
   2.420000  171.119869  141.958813   70.710690   46.510667 
   2.430000  171.826976  142.423920   70.710690   46.410667 
   2.440000  172.534083  142.888026   70.710690   46.310667 
   2.450000  173.241190  143.351133   70.710690   46.210667 
   2.460000  173.948297  143.813240   70.710690   46.110667 
   2.470000  174.655403  144.274346   70.710690   46.010667 
   2.480000  175.362510  144.734453   70.710690   45.910667 
   2.490000  176.069617  145.193560   70.710690   45.810667 
   2.500000  176.776724  145.651666   70.710690   45.710667 
   2.510000  177.483831  146.108773   70.710690   45.610667 
   2.520000  178.190938  146.564880   70.710690   45.510667 
   2.530000  178.898045  147.019986   70.710690   45.410667 
   2.540000  179.605152  147.474093   70.710690   45.310667 
   2.550000  180.312259  147.927200   70.710690   45.210667 
   2.560000  181.019366  148.379306   70.710690   45.110667 
   2.570000  181.726472  148.830413   70.710690   45.010667 
   2.580000  182.433579  149.280520   70.710690   44.910667 
   2.590000  183.140686  149.729626   70.710690   44.810667 
   2.600000  183.847793  150.177733   70.710690   44.710667 
   2.610000  184.554900  150.624840   70.710690   44.610667 
   2.620000  185.262007  151.070946   70.710690   44.510667 
   2.630000  185.969114  151.516053   70.710690   44.410667 
   2.640000  186.676221  151.960160   70.710690   44.310667 
   2.650000  187.383328  152.403266   70.710690   44.210667 
   2.660000  188.090435  152.845373   70.710690   44.110667 
   2.670000  188.797541  153.286480   70.710690   44.010667 
   2.680000  189.504648  153.726586   70.710690   43.910667 
   2.690000  190.211755  154.165693   70.710690   43.810667 
   2.700000  190.918862  154.603800   70.710690   43.710667 
   2.710000  191.625969  155.040906   70.710690   43.610667 
   2.720000  192.333076  155.477013   70.710690   43.510667 
   2.730000  193.040183  155.912120   70.710690   43.410667 
   2.740000  193.747290  156.346226   70.710690   43.310667 
   2.750000  194.454397  156.779333   70.710690   43.210667 
   2.760000  195.161503  157.211440   70.710690   43.110667 
   2.770000  195.868610  157.642546   70.710690   43.010667 
   2.780000  196.575717  158.072653   70.710690   42.910667 
   2.790000  197.282824  158.501760   70.710690   42.810667 
   2.800000  197.989931  158.929866   70.710690   42.710667 
   2.810000  198.697038  159.356973   70.710690   42.610667 
   2.820000  199.404145  159.783080   70.710690   42.510667 
   2.830000  200.111252  160.208186   70.710690   42.410667 
   2.840000  200.818359  160.632293   70.710690   42.310667 
   2.850000  201.525466  161.055400   70.710690   42.210667 
   2.860000  202.232572  161.477506   70.710690   42.110667 
   2.870000  202.939679  161.898613   70.710690   42.010667 
   2.880000  203.646786  162.318720   70.710690   41.910667 
   2.890000  204.353893  162.737826   70.710690   41.810667 
   2.900000  205.061000  163.155933   70.710690   41.710667 
   2.910000  205.768107  163.573040   70.710690   41.610667 
   2.920000  206.475214  163.989146   70.710690   41.510667 
   2.930000  207.182321  164.404253   70.710690   41.410667 
   2.940000  207.889428  164.818360   70.710690   41.310667 
   2.950000  208.596535  165.231466   70.710690   41.210667 
   2.960000  209.303641  165.643573   70.710690   41.110667 
   2.970000  210.010748  166.054680   70.710690   41.010667 
   2.980000  210.717855  166.464786   70.710690   40.910667 
   2.990000  211.424962  166.873893   70.710690   40.810667 
   3.000000  212.132069  167.282000   70.710690   40.710667 
   3.010000  212.839176  167.689106   70.710690   40.610667 
   3.020000  213.546283  168.095213   70.710690   40.510667 
   3.030000  214.253390  168.500320   70.710690   40.410667 
   3.040000  214.960497  168.904426   70.710690   40.310667 
   3.050000  215.667604  169.307533   70.710690   40.210667 
   3.060000  216.374710  169.709640   70.710690   40.110667 
   3.070000  217.081817  170.110746   70.710690   40.010667 
   3.080000  217.788924  170.510853   70.710690   39.910667 
   3.090000  218.496031  170.909960   70.710690   39.810667 
   3.100000  219.203138  171.308066   70.710690   39.710667 
   3.110000  219.910245  171.705173   70.710690   39.610667 
   3.120000  220.617352  172.101280   70.710690   39.510667 
   3.130000  221.324459  172.496386   70.710690   39.410667 
   3.140000  222.031566  172.890493   70.710690   39.310667 
   3.150000  222.738672  173.283600   70.710690   39.210667 
   3.160000  223.445779  173.675706   70.710690   39.110667 
   3.170000  224.152886  174.066813   70.710690   39.010667 
   3.180000  224.859993  174.456920   70.710690   38.910667 
   3.190000  225.567100  174.846026   70.710690   38.810667 
   3.200000  226.274207  175.234133   70.710690   38.710667 
   3.210000  226.981314  175.621240   70.710690   38.610667 
   3.220000  227.688421  176.007346   70.710690   38.510667 
   3.230000  228.395528  176.392453   70.710690   38.410667 
   3.240000  229.102635  176.776560   70.710690   38.310667 
   3.250000  229.809741  177.159666   70.710690   38.210667 
   3.260000  230.516848  177.541773   70.710690   38.110667 
   3.270000  231.223955  177.922880   70.710690   38.010667 
   3.280000  231.931062  178.302986   70.710690   37.910667 
   3.290000  232.638169  178.682093   70.710690   37.810667 
   3.300000  233.345276  179.060200   70.710690   37.710667 
   3.310000  234.052383  179.437306   70.710690   37.610667 
   3.320000  234.759490  179.813413   70.710690   37.510667 
   3.330000  235.466597  180.188520   70.710690   37.410667 
   3.340000  236.173704  180.562626   70.710690   37.310667 
   3.350000  236.880810  180.935733   70.710690   37.210667 
   3.360000  237.587917  181.307840   70.710690   37.110667 
   3.370000  238.295024  181.678946   70.710690   37.010667 
   3.380000  239.002131  182.049053   70.710690   36.910667 
   3.390000  239.709238  182.418160   70.710690   36.810667 
   3.400000  240.416345  182.786266   70.710690   36.710667 
   3.410000  241.123452  183.153373   70.710690   36.610667 
   3.420000  241.830559  183.519480   70.710690   36.510667 
   3.430000  242.537666  183.884586   70.710690   36.410667 
   3.440000  243.244772  184.248693   70.710690   36.310667 
   3.450000  243.951879  184.611800   70.710690   36.210667 
   3.460000  244.658986  184.973906   70.710690   36.110667 
   3.470000  245.366093  185.335013   70.710690   36.010667 
   3.480000  246.073200  185.695120   70.710690   35.910667 
   3.490000  246.780307  186.054226   70.710690   35.810667 
   3.500000  247.487414  186.412333   70.710690   35.710667 
   3.510000  248.194521  186.769440   70.710690   35.610667 
   3.520000  248.901628  187.125546   70.710690   35.510667 
   3.530000  249.608735  187.480653   70.710690   35.410667 
   3.540000  250.315841  187.834760   70.710690   35.310667 
   3.550000  251.022948  188.187866   70.710690   35.210667 
   3.560000  251.730055  188.539973   70.710690   35.110667 
   3.570000  252.437162  188.891080   70.710690   35.010667 
   3.580000  253.144269  189.241186   70.710690   34.910667 
   3.590000  253.851376  189.590293   70.710690   34.810667 
   3.600000  254.558483  189.938400   70.710690   34.710667 
   3.610000  255.265590  190.285506   70.710690   34.610667 
   3.620000  255.972697  190.631613   70.710690   34.510667 
   3.630000  256.679804  190.976720   70.710690   34.410667 
   3.640000  257.386910  191.320826   70.710690   34.310667 
   3.650000  258.094017  191.663933   70.710690   34.210667 
   3.660000  258.801124  192.006040   70.710690   34.110667 
   3.670000  259.508231  192.347146   70.710690   34.010667 
   3.680000  260.215338  192.687253   70.710690   33.910667 
   3.690000  260.922445  193.026360   70.710690   33.810667 
   3.700000  261.629552  193.364466   70.710690   33.710667 
   3.710000  262.336659  193.701573   70.710690   33.610667 
   3.720000  263.043766  194.037680   70.710690   33.510667 
   3.730000  263.750872  194.372786   70.710690   33.410667 
   3.740000  264.457979  194.706893   70.710690   33.310667 
   3.750000  265.165086  195.040000   70.710690   33.210667 
   3.760000  265.872193  195.372106   70.710690   33.110667 
   3.770000  266.579300  195.703213   70.710690   33.010667 
   3.780000  267.286407  196.033320   70.710690   32.910667 
   3.790000  267.993514  196.362426   70.710690   32.810667 
   3.800000  268.700621  196.690533   70.710690   32.710667 
   3.810000  269.407728  197.017640   70.710690   32.610667 
   3.820000  270.114835  197.343746   70.710690   32.510667 
   3.830000  270.821941  197.668853   70.710690   32.410667 
   3.840000  271.529048  197.992960   70.710690   32.310667 
   3.850000  272.236155  198.316066   70.710690   32.210667 
   3.860000  272.943262  198.638173   70.710690   32.110667 
   3.870000  273.650369  198.959280   70.710690   32.010667 
   3.880000  274.357476  199.279386   70.710690   31.910667 
   3.890000  275.064583  199.598493   70.710690   31.810667 
   3.900000  275.771690  199.916600   70.710690   31.710667 
   3.910000  276.478797  200.233706   70.710690   31.610667 
   3.920000  277.185904  200.549813   70.710690   31.510667 
   3.930000  277.893010  200.864920   70.710690   31.410667 
   3.940000  278.600117  201.179026   70.710690   31.310667 
   3.950000  279.307224  201.492133   70.710690   31.210667 
   3.960000  280.014331  201.804240   70.710690   31.110667 
   3.970000  280.721438  202.115346   70.710690   31.010667 
   3.980000  281.428545  202.425453   70.710690   30.910667 
   3.990000  282.135652  202.734560   70.710690   30.810667 
   4.000000  282.842759  203.042666   70.710690   30.710667 
   4.010000  283.549866  203.349773   70.710690   30.610667 
   4.020000  284.256972  203.655880   70.710690   30.510667 
   4.030000  284.964079  203.960986   70.710690   30.410667 
   4.040000  285.671186  204.265093   70.710690   30.310667 
   4.050000  286.378293  204.568200   70.710690   30.210667 
   4.060000  287.085400  204.870306   70.710690   30.110667 
   4.070000  287.792507  205.171413   70.710690   30.010667 
   4.080000  288.499614  205.471520   70.710690   29.910667 
   4.090000  289.206721  205.770626   70.710690   29.810667 
   4.100000  289.913828  206.068733   70.710690   29.710667 
   4.110000  290.620935  206.365840   70.710690   29.610667 
   4.120000  291.328041  206.661946   70.710690   29.510667 
   4.130000  292.035148  206.957053   70.710690   29.410667 
   4.140000  292.742255  207.251160   70.710690   29.310667 
   4.150000  293.449362  207.544266   70.710690   29.210667 
   4.160000  294.156469  207.836373   70.710690   29.110667 
   4.170000  294.863576  208.127480   70.710690   29.010667 
   4.180000  295.570683  208.417586   70.710690   28.910667 
   4.190000  296.277790  208.706693   70.710690   28.810667 
   4.200000  296.984897  208.994800   70.710690   28.710667 
   4.210000  297.692004  209.281906   70.710690   28.610667 
   4.220000  298.399110  209.568013   70.710690   28.510667 
   4.230000  299.106217  209.853120   70.710690   28.410667 
   4.240000  299.813324  210.137226   70.710690   28.310667 
   4.250000  300.520431  210.420333   70.710690   28.210667 
   4.260000  301.227538  210.702440   70.710690   28.110667 
   4.270000  301.934645  210.983546   70.710690   28.010667 
   4.280000  302.641752  211.263653   70.710690   27.910667 
   4.290000  303.348859  211.542760   70.710690   27.810667 
   4.300000  304.055966  211.820866   70.710690   27.710667 
   4.310000  304.763072  212.097973   70.710690   27.610667 
   4.320000  305.470179  212.374080   70.710690   27.510667 
   4.330000  306.177286  212.649186   70.710690   27.410667 
   4.340000  306.884393  212.923293   70.710690   27.310667 
   4.350000  307.591500  213.196400   70.710690   27.210667 
   4.360000  308.298607  213.468506   70.710690   27.110667 
   4.370000  309.005714  213.739613   70.710690   27.010667 
   4.380000  309.712821  214.009720   70.710690   26.910667 
   4.390000  310.419928  214.278826   70.710690   26.810667 
   4.400000  311.127035  214.546933   70.710690   26.710667 
   4.410000  311.834141  214.814040   70.710690   26.610667 
   4.420000  312.541248  215.080146   70.710690   26.510667 
   4.430000  313.248355  215.345253   70.710690   26.410667 
   4.440000  313.955462  215.609360   70.710690   26.310667 
   4.450000  314.662569  215.872466   70.710690   26.210667 
   4.460000  315.369676  216.134573   70.710690   26.110667 
   4.470000  316.076783  216.395680   70.710690   26.010667 
   4.480000  316.783890  216.655786   70.710690   25.910667 
   4.490000  317.490997  216.914893   70.710690   25.810667 
   4.500000  318.198104  217.173000   70.710690   25.710667 
   4.510000  318.905210  217.430106   70.710690   25.610667 
   4.520000  319.612317  217.686213   70.710690   25.510667 
   4.530000  320.319424  217.941320   70.710690   25.410667 
   4.540000  321.026531  218.195426   70.710690   25.310667 
   4.550000  321.733638  218.448533   70.710690   25.210667 
   4.560000  322.440745  218.700640   70.710690   25.110667 
   4.570000  323.147852  218.951746   70.710690   25.010667 
   4.580000  323.854959  219.201853   70.710690   24.910667 
   4.590000  324.562066  219.450960   70.710690   24.810667 
   4.600000  325.269172  219.699066   70.710690   24.710667 
   4.610000  325.976279  219.946173   70.710690   24.610667 
   4.620000  326.683386  220.192280   70.710690   24.510667 
   4.630000  327.390493  220.437386   70.710690   24.410667 
   4.640000  328.097600  220.681493   70.710690   24.310667 
   4.650000  328.804707  220.924600   70.710690   24.210667 
   4.660000  329.511814  221.166706   70.710690   24.110667 
   4.670000  330.218921  221.407813   70.710690   24.010667 
   4.680000  330.926028  221.647920   70.710690   23.910667 
   4.690000  331.633135  221.887026   70.710690   23.810667 
   4.700000  332.340241  222.125133   70.710690   23.710667 
   4.710000  333.047348  222.362240   70.710690   23.610667 
   4.720000  333.754455  222.598346   70.710690   23.510667 
   4.730000  334.461562  222.833453   70.710690   23.410667 
   4.740000  335.168669  223.067560   70.710690   23.310667 
   4.750000  335.875776  223.300666   70.710690   23.210667 
   4.760000  336.582883  223.532773   70.710690   23.110667 
   4.770000  337.289990  223.763880   70.710690   23.010667 
   4.780000  337.997097  223.993986   70.710690   22.910667 
   4.790000  338.704204  224.223093   70.710690   22.810667 
   4.800000  339.411310  224.451200   70.710690   22.710667 
   4.810000  340.118417  224.678306   70.710690   22.610667 
   4.820000  340.825524  224.904413   70.710690   22.510667 
   4.830000  341.532631  225.129520   70.710690   22.410667 
   4.840000  342.239738  225.353626   70.710690   22.310667 
   4.850000  342.946845  225.576733   70.710690   22.210667 
   4.860000  343.653952  225.798840   70.710690   22.110667 
   4.870000  344.361059  226.019946   70.710690   22.010667 
   4.880000  345.068166  226.240053   70.710690   21.910667 
   4.890000  345.775272  226.459160   70.710690   21.810667 
   4.900000  346.482379  226.677266   70.710690   21.710667 
   4.910000  347.189486  226.894373   70.710690   21.610667 
   4.920000  347.896593  227.110479   70.710690   21.510667 
   4.930000  348.603700  227.325586   70.710690   21.410667 
   4.940000  349.310807  227.539693   70.710690   21.310667 
   4.950000  350.017914  227.752799   70.710690   21.210667 
   4.960000  350.725021  227.964906   70.710690   21.110667 
   4.970000  351.432128  228.176013   70.710690   21.010667 
   4.980000  352.139235  228.386119   70.710690   20.910667 
   4.990000  352.846341  228.595226   70.710690   20.810667 
   5.000000  353.553448  228.803333   70.710690   20.710667 
   5.010000  354.260555  229.010439   70.710690   20.610667 
   5.020000  354.967662  229.216546   70.710690   20.510667 
   5.030000  355.674769  229.421653   70.710690   20.410667 
   5.040000  356.381876  229.625759   70.710690   20.310667 
   5.050000  357.088983  229.828866   70.710690   20.210667 
   5.060000  357.796090  230.030973   70.710690   20.110667 
   5.070000  358.503197  230.232079   70.710690   20.010667 
   5.080000  359.210304  230.432186   70.710690   19.910667 
   5.090000  359.917410  230.631293   70.710690   19.810667 
   5.100000  360.624517  230.829399   70.710690   19.710667 
   5.110000  361.331624  231.026506   70.710690   19.610667 
   5.120000  362.038731  231.222613   70.710690   19.510667 
   5.130000  362.745838  231.417719   70.710690   19.410667 
   5.140000  363.452945  231.611826   70.710690   19.310667 
   5.150000  364.160052  231.804933   70.710690   19.210667 
   5.160000  364.867159  231.997039   70.710690   19.110667 
   5.170000  365.574266  232.188146   70.710690   19.010667 
   5.180000  366.281373  232.378253   70.710690   18.910667 
   5.190000  366.988479  232.567359   70.710690   18.810667 
   5.200000  367.695586  232.755466   70.710690   18.710667 
   5.210000  368.402693  232.942573   70.710690   18.610667 
   5.220000  369.109800  233.128679   70.710690   18.510667 
   5.230000  369.816907  233.313786   70.710690   18.410667 
   5.240000  370.524014  233.497893   70.710690   18.310667 
   5.250000  371.231121  233.680999   70.710690   18.210667 
   5.260000  371.938228  233.863106   70.710690   18.110667 
   5.270000  372.645335  234.044213   70.710690   18.010667 
   5.280000  373.352441  234.224319   70.710690   17.910667 
   5.290000  374.059548  234.403426   70.710690   17.810667 
   5.300000  374.766655  234.581533   70.710690   17.710667 
   5.310000  375.473762  234.758639   70.710690   17.610667 
   5.320000  376.180869  234.934746   70.710690   17.510667 
   5.330000  376.887976  235.109853   70.710690   17.410667 
   5.340000  377.595083  235.283959   70.710690   17.310667 
   5.350000  378.302190  235.457066   70.710690   17.210667 
   5.360000  379.009297  235.629173   70.710690   17.110667 
   5.370000  379.716404  235.800279   70.710690   17.010667 
   5.380000  380.423510  235.970386   70.710690   16.910667 
   5.390000  381.130617  236.139493   70.710690   16.810667 
   5.400000  381.837724  236.307599   70.710690   16.710667 
   5.410000  382.544831  236.474706   70.710690   16.610667 
   5.420000  383.251938  236.640813   70.710690   16.510667 
   5.430000  383.959045  236.805919   70.710690   16.410667 
   5.440000  384.666152  236.970026   70.710690   16.310667 
   5.450000  385.373259  237.133133   70.710690   16.210667 
   5.460000  386.080366  237.295239   70.710690   16.110667 
   5.470000  386.787473  237.456346   70.710690   16.010667 
   5.480000  387.494579  237.616453   70.710690   15.910667 
   5.490000  388.201686  237.775559   70.710690   15.810667 
   5.500000  388.908793  237.933666   70.710690   15.710667 
   5.510000  389.615900  238.090773   70.710690   15.610667 
   5.520000  390.323007  238.246879   70.710690   15.510667 
   5.530000  391.030114  238.401986   70.710690   15.410667 
   5.540000  391.737221  238.556093   70.710690   15.310667 
   5.550000  392.444328  238.709199   70.710690   15.210667 
   5.560000  393.151435  238.861306   70.710690   15.110667 
   5.570000  393.858541  239.012413   70.710690   15.010667 
   5.580000  394.565648  239.162519   70.710690   14.910667 
   5.590000  395.272755  239.311626   70.710690   14.810667 
   5.600000  395.979862  239.459733   70.710690   14.710667 
   5.610000  396.686969  239.606839   70.710690   14.610667 
   5.620000  397.394076  239.752946   70.710690   14.510667 
   5.630000  398.101183  239.898053   70.710690   14.410667 
   5.640000  398.808290  240.042159   70.710690   14.310667 
   5.650000  399.515397  240.185266   70.710690   14.210667 
   5.660000  400.222504  240.327373   70.710690   14.110667 
   5.670000  400.929610  240.468479   70.710690   14.010667 
   5.680000  401.636717  240.608586   70.710690   13.910667 
   5.690000  402.343824  240.747693   70.710690   13.810667 
   5.700000  403.050931  240.885799   70.710690   13.710667 
   5.710000  403.758038  241.022906   70.710690   13.610667 
   5.720000  404.465145  241.159013   70.710690   13.510667 
   5.730000  405.172252  241.294119   70.710690   13.410667 
   5.740000  405.879359  241.428226   70.710690   13.310667 
   5.750000  406.586466  241.561333   70.710690   13.210667 
   5.760000  407.293573  241.693439   70.710690   13.110667 
   5.770000  408.000679  241.824546   70.710690   13.010667 
   5.780000  408.707786  241.954653   70.710690   12.910667 
   5.790000  409.414893  242.083759   70.710690   12.810667 
   5.800000  410.122000  242.211866   70.710690   12.710667 
   5.810000  410.829107  242.338973   70.710690   12.610667 
   5.820000  411.536214  242.465079   70.710690   12.510667 
   5.830000  412.243321  242.590186   70.710690   12.410667 
   5.840000  412.950428  242.714293   70.710690   12.310667 
   5.850000  413.657535  242.837399   70.710690   12.210667 
   5.860000  414.364641  242.959506   70.710690   12.110667 
   5.870000  415.071748  243.080613   70.710690   12.010667 
   5.880000  415.778855  243.200719   70.710690   11.910667 
   5.890000  416.485962  243.319826   70.710690   11.810667 
   5.900000  417.193069  243.437933   70.710690   11.710667 
   5.910000  417.900176  243.555039   70.710690   11.610667 
   5.920000  418.607283  243.671146   70.710690   11.510667 
   5.930000  419.314390  243.786253   70.710690   11.410667 
   5.940000  420.021497  243.900359   70.710690   11.310667 
   5.950000  420.728604  244.013466   70.710690   11.210667 
   5.960000  421.435710  244.125573   70.710690   11.110667 
   5.970000  422.142817  244.236679   70.710690   11.010667 
   5.980000  422.849924  244.346786   70.710690   10.910667 
   5.990000  423.557031  244.455893   70.710690   10.810667 
   6.000000  424.264138  244.563999   70.710690   10.710667 
   6.010000  424.971245  244.671106   70.710690   10.610667 
   6.020000  425.678352  244.777213   70.710690   10.510667 
   6.030000  426.385459  244.882319   70.710690   10.410667 
   6.040000  427.092566  244.986426   70.710690   10.310667 
   6.050000  427.799673  245.089533   70.710690   10.210667 
   6.060000  428.506779  245.191639   70.710690   10.110667 
   6.070000  429.213886  245.292746   70.710690   10.010667 
   6.080000  429.920993  245.392853   70.710690    9.910667 
   6.090000  430.628100  245.491959   70.710690    9.810667 
   6.100000  431.335207  245.590066   70.710690    9.710667 
   6.110000  432.042314  245.687173   70.710690    9.610667 
   6.120000  432.749421  245.783279   70.710690    9.510667 
   6.130000  433.456528  245.878386   70.710690    9.410667 
   6.140000  434.163635  245.972493   70.710690    9.310667 
   6.150000  434.870741  246.065599   70.710690    9.210667 
   6.160000  435.577848  246.157706   70.710690    9.110667 
   6.170000  436.284955  246.248813   70.710690    9.010667 
   6.180000  436.992062  246.338919   70.710690    8.910667 
   6.190000  437.699169  246.428026   70.710690    8.810667 
   6.200000  438.406276  246.516133   70.710690    8.710667 
   6.210000  439.113383  246.603239   70.710690    8.610667 
   6.220000  439.820490  246.689346   70.710690    8.510667 
   6.230000  440.527597  246.774453   70.710690    8.410667 
   6.240000  441.234704  246.858559   70.710690    8.310667 
   6.250000  441.941810  246.941666   70.710690    8.210667 
   6.260000  442.648917  247.023773   70.710690    8.110667 
   6.270000  443.356024  247.104879   70.710690    8.010667 
   6.280000  444.063131  247.184986   70.710690    7.910667 
   6.290000  444.770238  247.264093   70.710690    7.810667 
   6.300000  445.477345  247.342199   70.710690    7.710667 
   6.310000  446.184452  247.419306   70.710690    7.610667 
   6.320000  446.891559  247.495413   70.710690    7.510667 
   6.330000  447.598666  247.570519   70.710690    7.410667 
   6.340000  448.305773  247.644626   70.710690    7.310667 
   6.350000  449.012879  247.717733   70.710690    7.210667 
   6.360000  449.719986  247.789839   70.710690    7.110667 
   6.370000  450.427093  247.860946   70.710690    7.010667 
   6.380000  451.134200  247.931053   70.710690    6.910667 
   6.390000  451.841307  248.000159   70.710690    6.810667 
   6.400000  452.548414  248.068266   70.710690    6.710667 
   6.410000  453.255521  248.135373   70.710690    6.610667 
   6.420000  453.962628  248.201479   70.710690    6.510667 
   6.430000  454.669735  248.266586   70.710690    6.410667 
   6.440000  455.376841  248.330693   70.710690    6.310667 
   6.450000  456.083948  248.393799   70.710690    6.210667 
   6.460000  456.791055  248.455906   70.710690    6.110667 
   6.470000  457.498162  248.517013   70.710690    6.010667 
   6.480000  458.205269  248.577119   70.710690    5.910667 
   6.490000  458.912376  248.636226   70.710690    5.810667 
   6.500000  459.619483  248.694333   70.710690    5.710667 
   6.510000  460.326590  248.751439   70.710690    5.610667 
   6.520000  461.033697  248.807546   70.710690    5.510667 
   6.530000  461.740804  248.862653   70.710690    5.410667 
   6.540000  462.447910  248.916759   70.710690    5.310667 
   6.550000  463.155017  248.969866   70.710690    5.210667 
   6.560000  463.862124  249.021973   70.710690    5.110667 
   6.570000  464.569231  249.073079   70.710690    5.010667 
   6.580000  465.276338  249.123186   70.710690    4.910667 
   6.590000  465.983445  249.172293   70.710690    4.810667 
   6.600000  466.690552  249.220399   70.710690    4.710667 
   6.610000  467.397659  249.267506   70.710690    4.610667 
   6.620000  468.104766  249.313613   70.710690    4.510667 
   6.630000  468.811873  249.358719   70.710690    4.410667 
   6.640000  469.518979  249.402826   70.710690    4.310667 
   6.650000  470.226086  249.445933   70.710690    4.210667 
   6.660000  470.933193  249.488039   70.710690    4.110667 
   6.670000  471.640300  249.529146   70.710690    4.010667 
   6.680000  472.347407  249.569253   70.710690    3.910667 
   6.690000  473.054514  249.608359   70.710690    3.810667 
   6.700000  473.761621  249.646466   70.710690    3.710667 
   6.710000  474.468728  249.683573   70.710690    3.610667 
   6.720000  475.175835  249.719679   70.710690    3.510667 
   6.730000  475.882941  249.754786   70.710690    3.410667 
   6.740000  476.590048  249.788893   70.710690    3.310667 
   6.750000  477.297155  249.821999   70.710690    3.210667 
   6.760000  478.004262  249.854106   70.710690    3.110667 
   6.770000  478.711369  249.885213   70.710690    3.010667 
   6.780000  479.418476  249.915319   70.710690    2.910667 
   6.790000  480.125583  249.944426   70.710690    2.810667 
   6.800000  480.832690  249.972533   70.710690    2.710667 
   6.810000  481.539797  249.999639   70.710690    2.610667 
   6.820000  482.246904  250.025746   70.710690    2.510667 
   6.830000  482.954010  250.050853   70.710690    2.410667 
   6.840000  483.661117  250.074959   70.710690    2.310667 
   6.850000  484.368224  250.098066   70.710690    2.210667 
   6.860000  485.075331  250.120173   70.710690    2.110667 
   6.870000  485.782438  250.141279   70.710690    2.010667 
   6.880000  486.489545  250.161386   70.710690    1.910667 
   6.890000  487.196652  250.180493   70.710690    1.810667 
   6.900000  487.903759  250.198599   70.710690    1.710667 
   6.910000  488.610866  250.215706   70.710690    1.610667 
   6.920000  489.317973  250.231813   70.710690    1.510667 
   6.930000  490.025079  250.246919   70.710690    1.410667 
   6.940000  490.732186  250.261026   70.710690    1.310667 
   6.950000  491.439293  250.274133   70.710690    1.210667 
   6.960000  492.146400  250.286239   70.710690    1.110667 
   6.970000  492.853507  250.297346   70.710690    1.010667 
   6.980000  493.560614  250.307453   70.710690    0.910667 
   6.990000  494.267721  250.316559   70.710690    0.810667 
   7.000000  494.974828  250.324666   70.710690    0.710667 
   7.010000  495.681935  250.331773   70.710690    0.610667 
   7.020000  496.389042  250.337879   70.710690    0.510667 
   7.030000  497.096148  250.342986   70.710690    0.410667 
   7.040000  497.803255  250.347093   70.710690    0.310667 
   7.050000  498.510362  250.350199   70.710690    0.210667 
   7.060000  499.217469  250.352306   70.710690    0.110667 
   7.070000  499.924576  250.353413   70.710690    0.010667 
   7.080000  500.631683  250.353519   70.710690   -0.089333 
   7.090000  501.338790  250.352626   70.710690   -0.189333 
   7.100000  502.045897  250.350733   70.710690   -0.289333 
   7.110000  502.753004  250.347839   70.710690   -0.389333 
   7.120000  503.460110  250.343946   70.710690   -0.489333 
   7.130000  504.167217  250.339053   70.710690   -0.589333 
   7.140000  504.874324  250.333159   70.710690   -0.689333 
   7.150000  505.581431  250.326266   70.710690   -0.789333 
   7.160000  506.288538  250.318373   70.710690   -0.889333 
   7.170000  506.995645  250.309479   70.710690   -0.989333 
   7.180000  507.702752  250.299586   70.710690   -1.089333 
   7.190000  508.409859  250.288693   70.710690   -1.189333 
   7.200000  509.116966  250.276799   70.710690   -1.289333 
   7.210000  509.824073  250.263906   70.710690   -1.389333 
   7.220000  510.531179  250.250013   70.710690   -1.489333 
   7.230000  511.238286  250.235119   70.710690   -1.589333 
   7.240000  511.945393  250.219226   70.710690   -1.689333 
   7.250000  512.652500  250.202333   70.710690   -1.789333 
   7.260000  513.359607  250.184439   70.710690   -1.889333 
   7.270000  514.066714  250.165546   70.710690   -1.989333 
   7.280000  514.773821  250.145653   70.710690   -2.089333 
   7.290000  515.480928  250.124759   70.710690   -2.189333 
   7.300000  516.188035  250.102866   70.710690   -2.289333 
   7.310000  516.895142  250.079973   70.710690   -2.389333 
   7.320000  517.602248  250.056079   70.710690   -2.489333 
   7.330000  518.309355  250.031186   70.710690   -2.589333 
   7.340000  519.016462  250.005293   70.710690   -2.689333 
   7.350000  519.723569  249.978399   70.710690   -2.789333 
   7.360000  520.430676  249.950506   70.710690   -2.889333 
   7.370000  521.137783  249.921613   70.710690   -2.989333 
   7.380000  521.844890  249.891719   70.710690   -3.089333 
   7.390000  522.551997  249.860826   70.710690   -3.189333 
   7.400000  523.259104  249.828933   70.710690   -3.289333 
   7.410000  523.966210  249.796039   70.710690   -3.389333 
   7.420000  524.673317  249.762146   70.710690   -3.489333 
   7.430000  525.380424  249.727253   70.710690   -3.589333 
   7.440000  526.087531  249.691359   70.710690   -3.689333 
   7.450000  526.794638  249.654466   70.710690   -3.789333 
   7.460000  527.501745  249.616573   70.710690   -3.889333 
   7.470000  528.208852  249.577679   70.710690   -3.989333 
   7.480000  528.915959  249.537786   70.710690   -4.089333 
   7.490000  529.623066  249.496893   70.710690   -4.189333 
   7.500000  530.330173  249.454999   70.710690   -4.289333 
   7.510000  531.037279  249.412106   70.710690   -4.389333 
   7.520000  531.744386  249.368213   70.710690   -4.489333 
   7.530000  532.451493  249.323319   70.710690   -4.589333 
   7.540000  533.158600  249.277426   70.710690   -4.689333 
   7.550000  533.865707  249.230533   70.710690   -4.789333 
   7.560000  534.572814  249.182639   70.710690   -4.889333 
   7.570000  535.279921  249.133746   70.710690   -4.989333 
   7.580000  535.987028  249.083853   70.710690   -5.089333 
   7.590000  536.694135  249.032959   70.710690   -5.189333 
   7.600000  537.401242  248.981066   70.710690   -5.289333 
   7.610000  538.108348  248.928173   70.710690   -5.389333 
   7.620000  538.815455  248.874279   70.710690   -5.489333 
   7.630000  539.522562  248.819386   70.710690   -5.589333 
   7.640000  540.229669  248.763493   70.710690   -5.689333 
   7.650000  540.936776  248.706599   70.710690   -5.789333 
   7.660000  541.643883  248.648706   70.710690   -5.889333 
   7.670000  542.350990  248.589813   70.710690   -5.989333 
   7.680000  543.058097  248.529919   70.710690   -6.089333 
   7.690000  543.765204  248.469026   70.710690   -6.189333 
   7.700000  544.472310  248.407133   70.710690   -6.289333 
   7.710000  545.179417  248.344239   70.710690   -6.389333 
   7.720000  545.886524  248.280346   70.710690   -6.489333 
   7.730000  546.593631  248.215453   70.710690   -6.589333 
   7.740000  547.300738  248.149559   70.710690   -6.689333 
   7.750000  548.007845  248.082666   70.710690   -6.789333 
   7.760000  548.714952  248.014773   70.710690   -6.889333 
   7.770000  549.422059  247.945879   70.710690   -6.989333 
   7.780000  550.129166  247.875986   70.710690   -7.089333 
   7.790000  550.836273  247.805093   70.710690   -7.189333 
   7.800000  551.543379  247.733199   70.710690   -7.289333 
   7.810000  552.250486  247.660306   70.710690   -7.389333 
   7.820000  552.957593  247.586413   70.710690   -7.489333 
   7.830000  553.664700  247.511519   70.710690   -7.589333 
   7.840000  554.371807  247.435626   70.710690   -7.689333 
   7.850000  555.078914  247.358733   70.710690   -7.789333 
   7.860000  555.786021  247.280839   70.710690   -7.889333 
   7.870000  556.493128  247.201946   70.710690   -7.989333 
   7.880000  557.200235  247.122053   70.710690   -8.089333 
   7.890000  557.907342  247.041159   70.710690   -8.189333 
   7.900000  558.614448  246.959266   70.710690   -8.289333 
   7.910000  559.321555  246.876373   70.710690   -8.389333 
   7.920000  560.028662  246.792479   70.710690   -8.489333 
   7.930000  560.735769  246.707586   70.710690   -8.589333 
   7.940000  561.442876  246.621693   70.710690   -8.689333 
   7.950000  562.149983  246.534799   70.710690   -8.789333 
   7.960000  562.857090  246.446906   70.710690   -8.889333 
   7.970000  563.564197  246.358013   70.710690   -8.989333 
   7.980000  564.271304  246.268119   70.710690   -9.089333 
   7.990000  564.978410  246.177226   70.710690   -9.189333 
   8.000000  565.685517  246.085333   70.710690   -9.289333 
   8.010000  566.392624  245.992439   70.710690   -9.389333 
   8.020000  567.099731  245.898546   70.710690   -9.489333 
   8.030000  567.806838  245.803653   70.710690   -9.589333 
   8.040000  568.513945  245.707759   70.710690   -9.689333 
   8.050000  569.221052  245.610866   70.710690   -9.789333 
   8.060000  569.928159  245.512973   70.710690   -9.889333 
   8.070000  570.635266  245.414079   70.710690   -9.989333 
   8.080000  571.342373  245.314186   70.710690  -10.089333 
   8.090000  572.049479  245.213293   70.710690  -10.189333 
   8.100000  572.756586  245.111399   70.710690  -10.289333 
   8.110000  573.463693  245.008506   70.710690  -10.389333 
   8.120000  574.170800  244.904613   70.710690  -10.489333 
   8.130000  574.877907  244.799719   70.710690  -10.589333 
   8.140000  575.585014  244.693826   70.710690  -10.689333 
   8.150000  576.292121  244.586933   70.710690  -10.789333 
   8.160000  576.999228  244.479039   70.710690  -10.889333 
   8.170000  577.706335  244.370146   70.710690  -10.989333 
   8.180000  578.413442  244.260252   70.710690  -11.089333 
   8.190000  579.120548  244.149359   70.710690  -11.189333 
   8.200000  579.827655  244.037466   70.710690  -11.289333 
   8.210000  580.534762  243.924572   70.710690  -11.389333 
   8.220000  581.241869  243.810679   70.710690  -11.489333 
   8.230000  581.948976  243.695786   70.710690  -11.589333 
   8.240000  582.656083  243.579892   70.710690  -11.689333 
   8.250000  583.363190  243.462999   70.710690  -11.789333 
   8.260000  584.070297  243.345106   70.710690  -11.889333 
   8.270000  584.777404  243.226212   70.710690  -11.989333 
   8.280000  585.484510  243.106319   70.710690  -12.089333 
   8.290000  586.191617  242.985426   70.710690  -12.189333 
   8.300000  586.898724  242.863532   70.710690  -12.289333 
   8.310000  587.605831  242.740639   70.710690  -12.389333 
   8.320000  588.312938  242.616746   70.710690  -12.489333 
   8.330000  589.020045  242.491852   70.710690  -12.589333 
   8.340000  589.727152  242.365959   70.710690  -12.689333 
   8.350000  590.434259  242.239066   70.710690  -12.789333 
   8.360000  591.141366  242.111172   70.710690  -12.889333 
   8.370000  591.848473  241.982279   70.710690  -12.989333 
   8.380000  592.555579  241.852386   70.710690  -13.089333 
   8.390000  593.262686  241.721492   70.710690  -13.189333 
   8.400000  593.969793  241.589599   70.710690  -13.289333 
   8.410000  594.676900  241.456706   70.710690  -13.389333 
   8.420000  595.384007  241.322812   70.710690  -13.489333 
   8.430000  596.091114  241.187919   70.710690  -13.589333 
   8.440000  596.798221  241.052026   70.710690  -13.689333 
   8.450000  597.505328  240.915132   70.710690  -13.789333 
   8.460000  598.212435  240.777239   70.710690  -13.889333 
   8.470000  598.919542  240.638346   70.710690  -13.989333 
   8.480000  599.626648  240.498452   70.710690  -14.089333 
   8.490000  600.333755  240.357559   70.710690  -14.189333 
   8.500000  601.040862  240.215666   70.710690  -14.289333 
   8.510000  601.747969  240.072772   70.710690  -14.389333 
   8.520000  602.455076  239.928879   70.710690  -14.489333 
   8.530000  603.162183  239.783986   70.710690  -14.589333 
   8.540000  603.869290  239.638092   70.710690  -14.689333 
   8.550000  604.576397  239.491199   70.710690  -14.789333 
   8.560000  605.283504  239.343306   70.710690  -14.889333 
   8.570000  605.990610  239.194412   70.710690  -14.989333 
   8.580000  606.697717  239.044519   70.710690  -15.089333 
   8.590000  607.404824  238.893626   70.710690  -15.189333 
   8.600000  608.111931  238.741732   70.710690  -15.289333 
   8.610000  608.819038  238.588839   70.710690  -15.389333 
   8.620000  609.526145  238.434946   70.710690  -15.489333 
   8.630000  610.233252  238.280052   70.710690  -15.589333 
   8.640000  610.940359  238.124159   70.710690  -15.689333 
   8.650000  611.647466  237.967266   70.710690  -15.789333 
   8.660000  612.354573  237.809372   70.710690  -15.889333 
   8.670000  613.061679  237.650479   70.710690  -15.989333 
   8.680000  613.768786  237.490586   70.710690  -16.089333 
   8.690000  614.475893  237.329692   70.710690  -16.189333 
   8.700000  615.183000  237.167799   70.710690  -16.289333 
   8.710000  615.890107  237.004906   70.710690  -16.389333 
   8.720000  616.597214  236.841012   70.710690  -16.489333 
   8.730000  617.304321  236.676119   70.710690  -16.589333 
   8.740000  618.011428  236.510226   70.710690  -16.689333 
   8.750000  618.718535  236.343332   70.710690  -16.789333 
   8.760000  619.425642  236.175439   70.710690  -16.889333 
   8.770000  620.132748  236.006546   70.710690  -16.989333 
   8.780000  620.839855  235.836652   70.710690  -17.089333 
   8.790000  621.546962  235.665759   70.710690  -17.189333 
   8.800000  622.254069  235.493866   70.710690  -17.289333 
   8.810000  622.961176  235.320972   70.710690  -17.389333 
   8.820000  623.668283  235.147079   70.710690  -17.489333 
   8.830000  624.375390  234.972186   70.710690  -17.589333 
   8.840000  625.082497  234.796292   70.710690  -17.689333 
   8.850000  625.789604  234.619399   70.710690  -17.789333 
   8.860000  626.496710  234.441506   70.710690  -17.889333 
   8.870000  627.203817  234.262612   70.710690  -17.989333 
   8.880000  627.910924  234.082719   70.710690  -18.089333 
   8.890000  628.618031  233.901826   70.710690  -18.189333 
   8.900000  629.325138  233.719932   70.710690  -18.289333 
   8.910000  630.032245  233.537039   70.710690  -18.389333 
   8.920000  630.739352  233.353146   70.710690  -18.489333 
   8.930000  631.446459  233.168252   70.710690  -18.589333 
   8.940000  632.153566  232.982359   70.710690  -18.689333 
   8.950000  632.860673  232.795466   70.710690  -18.789333 
   8.960000  633.567779  232.607572   70.710690  -18.889333 
   8.970000  634.274886  232.418679   70.710690  -18.989333 
   8.980000  634.981993  232.228786   70.710690  -19.089333 
   8.990000  635.689100  232.037892   70.710690  -19.189333 
   9.000000  636.396207  231.845999   70.710690  -19.289333 
   9.010000  637.103314  231.653106   70.710690  -19.389333 
   9.020000  637.810421  231.459212   70.710690  -19.489333 
   9.030000  638.517528  231.264319   70.710690  -19.589333 
   9.040000  639.224635  231.068426   70.710690  -19.689333 
   9.050000  639.931742  230.871532   70.710690  -19.789333 
   9.060000  640.638848  230.673639   70.710690  -19.889333 
   9.070000  641.345955  230.474746   70.710690  -19.989333 
   9.080000  642.053062  230.274852   70.710690  -20.089333 
   9.090000  642.760169  230.073959   70.710690  -20.189333 
   9.100000  643.467276  229.872066   70.710690  -20.289333 
   9.110000  644.174383  229.669172   70.710690  -20.389333 
   9.120000  644.881490  229.465279   70.710690  -20.489333 
   9.130000  645.588597  229.260386   70.710690  -20.589333 
   9.140000  646.295704  229.054492   70.710690  -20.689333 
   9.150000  647.002811  228.847599   70.710690  -20.789333 
   9.160000  647.709917  228.639706   70.710690  -20.889333 
   9.170000  648.417024  228.430812   70.710690  -20.989333 
   9.180000  649.124131  228.220919   70.710690  -21.089333 
   9.190000  649.831238  228.010026   70.710690  -21.189333 
   9.200000  650.538345  227.798132   70.710690  -21.289333 
   9.210000  651.245452  227.585239   70.710690  -21.389333 
   9.220000  651.952559  227.371346   70.710690  -21.489333 
   9.230000  652.659666  227.156452   70.710690  -21.589333 
   9.240000  653.366773  226.940559   70.710690  -21.689333 
   9.250000  654.073879  226.723666   70.710690  -21.789333 
   9.260000  654.780986  226.505772   70.710690  -21.889333 
   9.270000  655.488093  226.286879   70.710690  -21.989333 
   9.280000  656.195200  226.066986   70.710690  -22.089333 
   9.290000  656.902307  225.846092   70.710690  -22.189333 
   9.300000  657.609414  225.624199   70.710690  -22.289333 
   9.310000  658.316521  225.401306   70.710690  -22.389333 
   9.320000  659.023628  225.177412   70.710690  -22.489333 
   9.330000  659.730735  224.952519   70.710690  -22.589333 
   9.340000  660.437842  224.726626   70.710690  -22.689333 
   9.350000  661.144948  224.499732   70.710690  -22.789333 
   9.360000  661.852055  224.271839   70.710690  -22.889333 
   9.370000  662.559162  224.042946   70.710690  -22.989333 
   9.380000  663.266269  223.813052   70.710690  -23.089333 
   9.390000  663.973376  223.582159   70.710690  -23.189333 
   9.400000  664.680483  223.350266   70.710690  -23.289333 
   9.410000  665.387590  223.117372   70.710690  -23.389333 
   9.420000  666.094697  222.883479   70.710690  -23.489333 
   9.430000  666.801804  222.648586   70.710690  -23.589333 
   9.440000  667.508911  222.412692   70.710690  -23.689333 
   9.450000  668.216017  222.175799   70.710690  -23.789333 
   9.460000  668.923124  221.937906   70.710690  -23.889333 
   9.470000  669.630231  221.699012   70.710690  -23.989333 
   9.480000  670.337338  221.459119   70.710690  -24.089333 
   9.490000  671.044445  221.218226   70.710690  -24.189333 
   9.500000  671.751552  220.976332   70.710690  -24.289333 
   9.510000  672.458659  220.733439   70.710690  -24.389333 
   9.520000  673.165766  220.489546   70.710690  -24.489333 
   9.530000  673.872873  220.244652   70.710690  -24.589333 
   9.540000  674.579979  219.998759   70.710690  -24.689333 
   9.550000  675.287086  219.751866   70.710690  -24.789333 
   9.560000  675.994193  219.503972   70.710690  -24.889333 
   9.570000  676.701300  219.255079   70.710690  -24.989333 
   9.580000  677.408407  219.005186   70.710690  -25.089333 
   9.590000  678.115514  218.754292   70.710690  -25.189333 
   9.600000  678.822621  218.502399   70.710690  -25.289333 
   9.610000  679.529728  218.249506   70.710690  -25.389333 
   9.620000  680.236835  217.995612   70.710690  -25.489333 
   9.630000  680.943942  217.740719   70.710690  -25.589333 
   9.640000  681.651048  217.484826   70.710690  -25.689333 
   9.650000  682.358155  217.227932   70.710690  -25.789333 
   9.660000  683.065262  216.970039   70.710690  -25.889333 
   9.670000  683.772369  216.711146   70.710690  -25.989333 
   9.680000  684.479476  216.451252   70.710690  -26.089333 
   9.690000  685.186583  216.190359   70.710690  -26.189333 
   9.700000  685.893690  215.928466   70.710690  -26.289333 
   9.710000  686.600797  215.665572   70.710690  -26.389333 
   9.720000  687.307904  215.401679   70.710690  -26.489333 
   9.730000  688.015011  215.136786   70.710690  -26.589333 
   9.740000  688.722117  214.870892   70.710690  -26.689333 
   9.750000  689.429224  214.603999   70.710690  -26.789333 
   9.760000  690.136331  214.336106   70.710690  -26.889333 
   9.770000  690.843438  214.067212   70.710690  -26.989333 
   9.780000  691.550545  213.797319   70.710690  -27.089333 
   9.790000  692.257652  213.526426   70.710690  -27.189333 
   9.800000  692.964759  213.254532   70.710690  -27.289333 
   9.810000  693.671866  212.981639   70.710690  -27.389333 
   9.820000  694.378973  212.707746   70.710690  -27.489333 
   9.830000  695.086079  212.432852   70.710690  -27.589333 
   9.840000  695.793186  212.156959   70.710690  -27.689333 
   9.850000  696.500293  211.880066   70.710690  -27.789333 
   9.860000  697.207400  211.602172   70.710690  -27.889333 
   9.870000  697.914507  211.323279   70.710690  -27.989333 
   9.880000  698.621614  211.043386   70.710690  -28.089333 
   9.890000  699.328721  210.762492   70.710690  -28.189333 
   9.900000  700.035828  210.480599   70.710690  -28.289333 
   9.910000  700.742935  210.197706   70.710690  -28.389333 
   9.920000  701.450042  209.913812   70.710690  -28.489333 
   9.930000  702.157148  209.628919   70.710690  -28.589333 
   9.940000  702.864255  209.343026   70.710690  -28.689333 
   9.950000  703.571362  209.056132   70.710690  -28.789333 
   9.960000  704.278469  208.768239   70.710690  -28.889333 
   9.970000  704.985576  208.479346   70.710690  -28.989333 
   9.980000  705.692683  208.189452   70.710690  -29.089333 
   9.990000  706.399790  207.898559   70.710690  -29.189333 
  10.000000  707.106897  207.606666   70.710690  -29.289333 
  10.010000  707.814004  207.313772   70.710690  -29.389333 
  10.020000  708.521111  207.019879   70.710690  -29.489333 
  10.030000  709.228217  206.724986   70.710690  -29.589333 
  10.040000  709.935324  206.429092   70.710690  -29.689333 
  10.050000  710.642431  206.132199   70.710690  -29.789333 
  10.060000  711.349538  205.834306   70.710690  -29.889333 
  10.070000  712.056645  205.535412   70.710690  -29.989333 
  10.080000  712.763752  205.235519   70.710690  -30.089333 
  10.090000  713.470859  204.934626   70.710690  -30.189333 
  10.100000  714.177966  204.632732   70.710690  -30.289333 
  10.110000  714.885073  204.329839   70.710690  -30.389333 
  10.120000  715.592179  204.025946   70.710690  -30.489333 
  10.130000  716.299286  203.721052   70.710690  -30.589333 
  10.140000  717.006393  203.415159   70.710690  -30.689333 
  10.150000  717.713500  203.108266   70.710690  -30.789333 
  10.160000  718.420607  202.800372   70.710690  -30.889333 
  10.170000  719.127714  202.491479   70.710690  -30.989333 
  10.180000  719.834821  202.181586   70.710690  -31.089333 
  10.190000  720.541928  201.870692   70.710690  -31.189333 
  10.200000  721.249035  201.558799   70.710690  -31.289333 
  10.210000  721.956142  201.245906   70.710690  -31.389333 
  10.220000  722.663248  200.932012   70.710690  -31.489333 
  10.230000  723.370355  200.617119   70.710690  -31.589333 
  10.240000  724.077462  200.301226   70.710690  -31.689333 
  10.250000  724.784569  199.984332   70.710690  -31.789333 
  10.260000  725.491676  199.666439   70.710690  -31.889333 
  10.270000  726.198783  199.347546   70.710690  -31.989333 
  10.280000  726.905890  199.027652   70.710690  -32.089333 
  10.290000  727.612997  198.706759   70.710690  -32.189333 
  10.300000  728.320104  198.384866   70.710690  -32.289333 
  10.310000  729.027211  198.061972   70.710690  -32.389333 
  10.320000  729.734317  197.738079   70.710690  -32.489333 
  10.330000  730.441424  197.413186   70.710690  -32.589333 
  10.340000  731.148531  197.087292   70.710690  -32.689333 
  10.350000  731.855638  196.760399   70.710690  -32.789333 
  10.360000  732.562745  196.432506   70.710690  -32.889333 
  10.370000  733.269852  196.103612   70.710690  -32.989333 
  10.380000  733.976959  195.773719   70.710690  -33.089333 
  10.390000  734.684066  195.442826   70.710690  -33.189333 
  10.400000  735.391173  195.110932   70.710690  -33.289333 
  10.410000  736.098279  194.778039   70.710690  -33.389333 
  10.420000  736.805386  194.444146   70.710690  -33.489333 
  10.430000  737.512493  194.109252   70.710690  -33.589333 
  10.440000  738.219600  193.773359   70.710690  -33.689333 
  10.450000  738.926707  193.436466   70.710690  -33.789333 
  10.460000  739.633814  193.098572   70.710690  -33.889333 
  10.470000  740.340921  192.759679   70.710690  -33.989333 
  10.480000  741.048028  192.419786   70.710690  -34.089333 
  10.490000  741.755135  192.078892   70.710690  -34.189333 
  10.500000  742.462242  191.736999   70.710690  -34.289333 
  10.510000  743.169348  191.394106   70.710690  -34.389333 
  10.520000  743.876455  191.050212   70.710690  -34.489333 
  10.530000  744.583562  190.705319   70.710690  -34.589333 
  10.540000  745.290669  190.359426   70.710690  -34.689333 
  10.550000  745.997776  190.012532   70.710690  -34.789333 
  10.560000  746.704883  189.664639   70.710690  -34.889333 
  10.570000  747.411990  189.315746   70.710690  -34.989333 
  10.580000  748.119097  188.965852   70.710690  -35.089333 
  10.590000  748.826204  188.614959   70.710690  -35.189333 
  10.600000  749.533311  188.263066   70.710690  -35.289333 
  10.610000  750.240417  187.910172   70.710690  -35.389333 
  10.620000  750.947524  187.556279   70.710690  -35.489333 
  10.630000  751.654631  187.201386   70.710690  -35.589333 
  10.640000  752.361738  186.845492   70.710690  -35.689333 
  10.650000  753.068845  186.488599   70.710690  -35.789333 
  10.660000  753.775952  186.130706   70.710690  -35.889333 
  10.670000  754.483059  185.771812   70.710690  -35.989333 
  10.680000  755.190166  185.411919   70.710690  -36.089333 
  10.690000  755.897273  185.051026   70.710690  -36.189333 
  10.700000  756.604379  184.689132   70.710690  -36.289333 
  10.710000  757.311486  184.326239   70.710690  -36.389333 
  10.720000  758.018593  183.962346   70.710690  -36.489333 
  10.730000  758.725700  183.597452   70.710690  -36.589333 
  10.740000  759.432807  183.231559   70.710690  -36.689333 
  10.750000  760.139914  182.864666   70.710690  -36.789333 
  10.760000  760.847021  182.496772   70.710690  -36.889333 
  10.770000  761.554128  182.127879   70.710690  -36.989333 
  10.780000  762.261235  181.757986   70.710690  -37.089333 
  10.790000  762.968342  181.387092   70.710690  -37.189333 
  10.800000  763.675448  181.015199   70.710690  -37.289333 
  10.810000  764.382555  180.642306   70.710690  -37.389333 
  10.820000  765.089662  180.268412   70.710690  -37.489333 
  10.830000  765.796769  179.893519   70.710690  -37.589333 
  10.840000  766.503876  179.517626   70.710690  -37.689333 
  10.850000  767.210983  179.140732   70.710690  -37.789333 
  10.860000  767.918090  178.762839   70.710690  -37.889333 
  10.870000  768.625197  178.383946   70.710690  -37.989333 
  10.880000  769.332304  178.004052   70.710690  -38.089333 
  10.890000  770.039411  177.623159   70.710690  -38.189333 
  10.900000  770.746517  177.241266   70.710690  -38.289333 
  10.910000  771.453624  176.858372   70.710690  -38.389333 
  10.920000  772.160731  176.474479   70.710690  -38.489333 
  10.930000  772.867838  176.089586   70.710690  -38.589333 
  10.940000  773.574945  175.703692   70.710690  -38.689333 
  10.950000  774.282052  175.316799   70.710690  -38.789333 
  10.960000  774.989159  174.928906   70.710690  -38.889333 
  10.970000  775.696266  174.540012   70.710690  -38.989333 
  10.980000  776.403373  174.150119   70.710690  -39.089333 
  10.990000  777.110480  173.759226   70.710690  -39.189333 
  11.000000  777.817586  173.367332   70.710690  -39.289333 
  11.010000  778.524693  172.974439   70.710690  -39.389333 
  11.020000  779.231800  172.580546   70.710690  -39.489333 
  11.030000  779.938907  172.185652   70.710690  -39.589333 
  11.040000  780.646014  171.789759   70.710690  -39.689333 
  11.050000  781.353121  171.392866   70.710690  -39.789333 
  11.060000  782.060228  170.994972   70.710690  -39.889333 
  11.070000  782.767335  170.596079   70.710690  -39.989333 
  11.080000  783.474442  170.196186   70.710690  -40.089333 
  11.090000  784.181548  169.795292   70.710690  -40.189333 
  11.100000  784.888655  169.393399   70.710690  -40.289333 
  11.110000  785.595762  168.990506   70.710690  -40.389333 
  11.120000  786.302869  168.586612   70.710690  -40.489333 
  11.130000  787.009976  168.181719   70.710690  -40.589333 
  11.140000  787.717083  167.775826   70.710690  -40.689333 
  11.150000  788.424190  167.368932   70.710690  -40.789333 
  11.160000  789.131297  166.961039   70.710690  -40.889333 
  11.170000  789.838404  166.552146   70.710690  -40.989333 
  11.180000  790.545511  166.142252   70.710690  -41.089333 
  11.190000  791.252617  165.731359   70.710690  -41.189333 
  11.200000  791.959724  165.319466   70.710690  -41.289333 
  11.210000  792.666831  164.906572   70.710690  -41.389333 
  11.220000  793.373938  164.492679   70.710690  -41.489333 
  11.230000  794.081045  164.077786   70.710690  -41.589333 
  11.240000  794.788152  163.661892   70.710690  -41.689333 
  11.250000  795.495259  163.244999   70.710690  -41.789333 
  11.260000  796.202366  162.827106   70.710690  -41.889333 
  11.270000  796.909473  162.408212   70.710690  -41.989333 
  11.280000  797.616580  161.988319   70.710690  -42.089333 
  11.290000  798.323686  161.567426   70.710690  -42.189333 
  11.300000  799.030793  161.145532   70.710690  -42.289333 
  11.310000  799.737900  160.722639   70.710690  -42.389333 
  11.320000  800.445007  160.298746   70.710690  -42.489333 
  11.330000  801.152114  159.873852   70.710690  -42.589333 
  11.340000  801.859221  159.447959   70.710690  -42.689333 
  11.350000  802.566328  159.021066   70.710690  -42.789333 
  11.360000  803.273435  158.593172   70.710690  -42.889333 
  11.370000  803.980542  158.164279   70.710690  -42.989333 
  11.380000  804.687648  157.734386   70.710690  -43.089333 
  11.390000  805.394755  157.303492   70.710690  -43.189333 
  11.400000  806.101862  156.871599   70.710690  -43.289333 
  11.410000  806.808969  156.438706   70.710690  -43.389333 
  11.420000  807.516076  156.004812   70.710690  -43.489333 
  11.430000  808.223183  155.569919   70.710690  -43.589333 
  11.440000  808.930290  155.134026   70.710690  -43.689333 
  11.450000  809.637397  154.697132   70.710690  -43.789333 
  11.460000  810.344504  154.259239   70.710690  -43.889333 
  11.470000  811.051611  153.820345   70.710690  -43.989333 
  11.480000  811.758717  153.380452   70.710690  -44.089333 
  11.490000  812.465824  152.939559   70.710690  -44.189333 
  11.500000  813.172931  152.497665   70.710690  -44.289333 
  11.510000  813.880038  152.054772   70.710690  -44.389333 
  11.520000  814.587145  151.610879   70.710690  -44.489333 
  11.530000  815.294252  151.165985   70.710690  -44.589333 
  11.540000  816.001359  150.720092   70.710690  -44.689333 
  11.550000  816.708466  150.273199   70.710690  -44.789333 
  11.560000  817.415573  149.825305   70.710690  -44.889333 
  11.570000  818.122680  149.376412   70.710690  -44.989333 
  11.580000  818.829786  148.926519   70.710690  -45.089333 
  11.590000  819.536893  148.475625   70.710690  -45.189333 
  11.600000  820.244000  148.023732   70.710690  -45.289333 
  11.610000  820.951107  147.570839   70.710690  -45.389333 
  11.620000  821.658214  147.116945   70.710690  -45.489333 
  11.630000  822.365321  146.662052   70.710690  -45.589333 
  11.640000  823.072428  146.206159   70.710690  -45.689333 
  11.650000  823.779535  145.749265   70.710690  -45.789333 
  11.660000  824.486642  145.291372   70.710690  -45.889333 
  11.670000  825.193748  144.832479   70.710690  -45.989333 
  11.680000  825.900855  144.372585   70.710690  -46.089333 
  11.690000  826.607962  143.911692   70.710690  -46.189333 
  11.700000  827.315069  143.449799   70.710690  -46.289333 
  11.710000  828.022176  142.986905   70.710690  -46.389333 
  11.720000  828.729283  142.523012   70.710690  -46.489333 
  11.730000  829.436390  142.058119   70.710690  -46.589333 
  11.740000  830.143497  141.592225   70.710690  -46.689333 
  11.750000  830.850604  141.125332   70.710690  -46.789333 
  11.760000  831.557711  140.657439   70.710690  -46.889333 
  11.770000  832.264817  140.188545   70.710690  -46.989333 
  11.780000  832.971924  139.718652   70.710690  -47.089333 
  11.790000  833.679031  139.247759   70.710690  -47.189333 
  11.800000  834.386138  138.775865   70.710690  -47.289333 
  11.810000  835.093245  138.302972   70.710690  -47.389333 
  11.820000  835.800352  137.829079   70.710690  -47.489333 
  11.830000  836.507459  137.354185   70.710690  -47.589333 
  11.840000  837.214566  136.878292   70.710690  -47.689333 
  11.850000  837.921673  136.401399   70.710690  -47.789333 
  11.860000  838.628780  135.923505   70.710690  -47.889333 
  11.870000  839.335886  135.444612   70.710690  -47.989333 
  11.880000  840.042993  134.964719   70.710690  -48.089333 
  11.890000  840.750100  134.483825   70.710690  -48.189333 
  11.900000  841.457207  134.001932   70.710690  -48.289333 
  11.910000  842.164314  133.519039   70.710690  -48.389333 
  11.920000  842.871421  133.035145   70.710690  -48.489333 
  11.930000  843.578528  132.550252   70.710690  -48.589333 
  11.940000  844.285635  132.064359   70.710690  -48.689333 
  11.950000  844.992742  131.577465   70.710690  -48.789333 
  11.960000  845.699848  131.089572   70.710690  -48.889333 
  11.970000  846.406955  130.600679   70.710690  -48.989333 
  11.980000  847.114062  130.110785   70.710690  -49.089333 
  11.990000  847.821169  129.619892   70.710690  -49.189333 
  12.000000  848.528276  129.127999   70.710690  -49.289333 
  12.010000  849.235383  128.635105   70.710690  -49.389333 
  12.020000  849.942490  128.141212   70.710690  -49.489333 
  12.030000  850.649597  127.646319   70.710690  -49.589333 
  12.040000  851.356704  127.150425   70.710690  -49.689333 
  12.050000  852.063811  126.653532   70.710690  -49.789333 
  12.060000  852.770917  126.155639   70.710690  -49.889333 
  12.070000  853.478024  125.656745   70.710690  -49.989333 
  12.080000  854.185131  125.156852   70.710690  -50.089333 
  12.090000  854.892238  124.655959   70.710690  -50.189333 
  12.100000  855.599345  124.154065   70.710690  -50.289333 
  12.110000  856.306452  123.651172   70.710690  -50.389333 
  12.120000  857.013559  123.147279   70.710690  -50.489333 
  12.130000  857.720666  122.642385   70.710690  -50.589333 
  12.140000  858.427773  122.136492   70.710690  -50.689333 
  12.150000  859.134880  121.629599   70.710690  -50.789333 
  12.160000  859.841986  121.121705   70.710690  -50.889333 
  12.170000  860.549093  120.612812   70.710690  -50.989333 
  12.180000  861.256200  120.102919   70.710690  -51.089333 
  12.190000  861.963307  119.592025   70.710690  -51.189333 
  12.200000  862.670414  119.080132   70.710690  -51.289333 
  12.210000  863.377521  118.567239   70.710690  -51.389333 
  12.220000  864.084628  118.053345   70.710690  -51.489333 
  12.230000  864.791735  117.538452   70.710690  -51.589333 
  12.240000  865.498842  117.022559   70.710690  -51.689333 
  12.250000  866.205948  116.505665   70.710690  -51.789333 
  12.260000  866.913055  115.987772   70.710690  -51.889333 
  12.270000  867.620162  115.468879   70.710690  -51.989333 
  12.280000  868.327269  114.948985   70.710690  -52.089333 
  12.290000  869.034376  114.428092   70.710690  -52.189333 
  12.300000  869.741483  113.906199   70.710690  -52.289333 
  12.310000  870.448590  113.383305   70.710690  -52.389333 
  12.320000  871.155697  112.859412   70.710690  -52.489333 
  12.330000  871.862804  112.334519   70.710690  -52.589333 
  12.340000  872.569911  111.808625   70.710690  -52.689333 
  12.350000  873.277017  111.281732   70.710690  -52.789333 
  12.360000  873.984124  110.753839   70.710690  -52.889333 
  12.370000  874.691231  110.224945   70.710690  -52.989333 
  12.380000  875.398338  109.695052   70.710690  -53.089333 
  12.390000  876.105445  109.164159   70.710690  -53.189333 
  12.400000  876.812552  108.632265   70.710690  -53.289333 
  12.410000  877.519659  108.099372   70.710690  -53.389333 
  12.420000  878.226766  107.565479   70.710690  -53.489333 
  12.430000  878.933873  107.030585   70.710690  -53.589333 
  12.440000  879.640980  106.494692   70.710690  -53.689333 
  12.450000  880.348086  105.957799   70.710690  -53.789333 
  12.460000  881.055193  105.419905   70.710690  -53.889333 
  12.470000  881.762300  104.881012   70.710690  -53.989333 
  12.480000  882.469407  104.341119   70.710690  -54.089333 
  12.490000  883.176514  103.800225   70.710690  -54.189333 
  12.500000  883.883621  103.258332   70.710690  -54.289333 
  12.510000  884.590728  102.715439   70.710690  -54.389333 
  12.520000  885.297835  102.171545   70.710690  -54.489333 
  12.530000  886.004942  101.626652   70.710690  -54.589333 
  12.540000  886.712048  101.080759   70.710690  -54.689333 
  12.550000  887.419155  100.533865   70.710690  -54.789333 
  12.560000  888.126262   99.985972   70.710690  -54.889333 
  12.570000  888.833369   99.437079   70.710690  -54.989333 
  12.580000  889.540476   98.887185   70.710690  -55.089333 
  12.590000  890.247583   98.336292   70.710690  -55.189333 
  12.600000  890.954690   97.784399   70.710690  -55.289333 
  12.610000  891.661797   97.231505   70.710690  -55.389333 
  12.620000  892.368904   96.677612   70.710690  -55.489333 
  12.630000  893.076011   96.122719   70.710690  -55.589333 
  12.640000  893.783117   95.566825   70.710690  -55.689333 
  12.650000  894.490224   95.009932   70.710690  -55.789333 
  12.660000  895.197331   94.452039   70.710690  -55.889333 
  12.670000  895.904438   93.893145   70.710690  -55.989333 
  12.680000  896.611545   93.333252   70.710690  -56.089333 
  12.690000  897.318652   92.772359   70.710690  -56.189333 
  12.700000  898.025759   92.210465   70.710690  -56.289333 
  12.710000  898.732866   91.647572   70.710690  -56.389333 
  12.720000  899.439973   91.083679   70.710690  -56.489333 
  12.730000  900.147080   90.518785   70.710690  -56.589333 
  12.740000  900.854186   89.952892   70.710690  -56.689333 
  12.750000  901.561293   89.385999   70.710690  -56.789333 
  12.760000  902.268400   88.818105   70.710690  -56.889333 
  12.770000  902.975507   88.249212   70.710690  -56.989333 
  12.780000  903.682614   87.679319   70.710690  -57.089333 
  12.790000  904.389721   87.108425   70.710690  -57.189333 
  12.800000  905.096828   86.536532   70.710690  -57.289333 
  12.810000  905.803935   85.963639   70.710690  -57.389333 
  12.820000  906.511042   85.389745   70.710690  -57.489333 
  12.830000  907.218148   84.814852   70.710690  -57.589333 
  12.840000  907.925255   84.238959   70.710690  -57.689333 
  12.850000  908.632362   83.662065   70.710690  -57.789333 
  12.860000  909.339469   83.084172   70.710690  -57.889333 
  12.870000  910.046576   82.505279   70.710690  -57.989333 
  12.880000  910.753683   81.925385   70.710690  -58.089333 
  12.890000  911.460790   81.344492   70.710690  -58.189333 
  12.900000  912.167897   80.762599   70.710690  -58.289333 
  12.910000  912.875004   80.179705   70.710690  -58.389333 
  12.920000  913.582111   79.595812   70.710690  -58.489333 
  12.930000  914.289217   79.010919   70.710690  -58.589333 
  12.940000  914.996324   78.425025   70.710690  -58.689333 
  12.950000  915.703431   77.838132   70.710690  -58.789333 
  12.960000  916.410538   77.250239   70.710690  -58.889333 
  12.970000  917.117645   76.661345   70.710690  -58.989333 
  12.980000  917.824752   76.071452   70.710690  -59.089333 
  12.990000  918.531859   75.480559   70.710690  -59.189333 
  13.000000  919.238966   74.888665   70.710690  -59.289333 
  13.010000  919.946073   74.295772   70.710690  -59.389333 
  13.020000  920.653180   73.701879   70.710690  -59.489333 
  13.030000  921.360286   73.106985   70.710690  -59.589333 
  13.040000  922.067393   72.511092   70.710690  -59.689333 
  13.050000  922.774500   71.914199   70.710690  -59.789333 
  13.060000  923.481607   71.316305   70.710690  -59.889333 
  13.070000  924.188714   70.717412   70.710690  -59.989333 
  13.080000  924.895821   70.117519   70.710690  -60.089333 
  13.090000  925.602928   69.516625   70.710690  -60.189333 
  13.100000  926.310035   68.914732   70.710690  -60.289333 
  13.110000  927.017142   68.311839   70.710690  -60.389333 
  13.120000  927.724249   67.707945   70.710690  -60.489333 
  13.130000  928.431355   67.103052   70.710690  -60.589333 
  13.140000  929.138462   66.497159   70.710690  -60.689333 
  13.150000  929.845569   65.890265   70.710690  -60.789333 
  13.160000  930.552676   65.282372   70.710690  -60.889333 
  13.170000  931.259783   64.673479   70.710690  -60.989333 
  13.180000  931.966890   64.063585   70.710690  -61.089333 
  13.190000  932.673997   63.452692   70.710690  -61.189333 
  13.200000  933.381104   62.840799   70.710690  -61.289333 
  13.210000  934.088211   62.227905   70.710690  -61.389333 
  13.220000  934.795317   61.614012   70.710690  -61.489333 
  13.230000  935.502424   60.999119   70.710690  -61.589333 
  13.240000  936.209531   60.383225   70.710690  -61.689333 
  13.250000  936.916638   59.766332   70.710690  -61.789333 
  13.260000  937.623745   59.148439   70.710690  -61.889333 
  13.270000  938.330852   58.529545   70.710690  -61.989333 
  13.280000  939.037959   57.909652   70.710690  -62.089333 
  13.290000  939.745066   57.288759   70.710690  -62.189333 
  13.300000  940.452173   56.666865   70.710690  -62.289333 
  13.310000  941.159280   56.043972   70.710690  -62.389333 
  13.320000  941.866386   55.420079   70.710690  -62.489333 
  13.330000  942.573493   54.795185   70.710690  -62.589333 
  13.340000  943.280600   54.169292   70.710690  -62.689333 
  13.350000  943.987707   53.542399   70.710690  -62.789333 
  13.360000  944.694814   52.914505   70.710690  -62.889333 
  13.370000  945.401921   52.285612   70.710690  -62.989333 
  13.380000  946.109028   51.655719   70.710690  -63.089333 
  13.390000  946.816135   51.024825   70.710690  -63.189333 
  13.400000  947.523242   50.392932   70.710690  -63.289333 
  13.410000  948.230349   49.760039   70.710690  -63.389333 
  13.420000  948.937455   49.126145   70.710690  -63.489333 
  13.430000  949.644562   48.491252   70.710690  -63.589333 
  13.440000  950.351669   47.855359   70.710690  -63.689333 
  13.450000  951.058776   47.218465   70.710690  -63.789333 
  13.460000  951.765883   46.580572   70.710690  -63.889333 
  13.470000  952.472990   45.941679   70.710690  -63.989333 
  13.480000  953.180097   45.301785   70.710690  -64.089333 
  13.490000  953.887204   44.660892   70.710690  -64.189333 
  13.500000  954.594311   44.018999   70.710690  -64.289333 
  13.510000  955.301417   43.376105   70.710690  -64.389333 
  13.520000  956.008524   42.732212   70.710690  -64.489333 
  13.530000  956.715631   42.087319   70.710690  -64.589333 
  13.540000  957.422738   41.441425   70.710690  -64.689333 
  13.550000  958.129845   40.794532   70.710690  -64.789333 
  13.560000  958.836952   40.146639   70.710690  -64.889333 
  13.570000  959.544059   39.497745   70.710690  -64.989333 
  13.580000  960.251166   38.847852   70.710690  -65.089333 
  13.590000  960.958273   38.196959   70.710690  -65.189333 
  13.600000  961.665380   37.545065   70.710690  -65.289333 
  13.610000  962.372486   36.892172   70.710690  -65.389333 
  13.620000  963.079593   36.238279   70.710690  -65.489333 
  13.630000  963.786700   35.583385   70.710690  -65.589333 
  13.640000  964.493807   34.927492   70.710690  -65.689333 
  13.650000  965.200914   34.270599   70.710690  -65.789333 
  13.660000  965.908021   33.612705   70.710690  -65.889333 
  13.670000  966.615128   32.953812   70.710690  -65.989333 
  13.680000  967.322235   32.293919   70.710690  -66.089333 
  13.690000  968.029342   31.633025   70.710690  -66.189333 
  13.700000  968.736449   30.971132   70.710690  -66.289333 
  13.710000  969.443555   30.308239   70.710690  -66.389333 
  13.720000  970.150662   29.644345   70.710690  -66.489333 
  13.730000  970.857769   28.979452   70.710690  -66.589333 
  13.740000  971.564876   28.313559   70.710690  -66.689333 
  13.750000  972.271983   27.646665   70.710690  -66.789333 
  13.760000  972.979090   26.978772   70.710690  -66.889333 
  13.770000  973.686197   26.309879   70.710690  -66.989333 
  13.780000  974.393304   25.639985   70.710690  -67.089333 
  13.790000  975.100411   24.969092   70.710690  -67.189333 
  13.800000  975.807517   24.297199   70.710690  -67.289333 
  13.810000  976.514624   23.624305   70.710690  -67.389333 
  13.820000  977.221731   22.950412   70.710690  -67.489333 
  13.830000  977.928838   22.275519   70.710690  -67.589333 
  13.840000  978.635945   21.599625   70.710690  -67.689333 
  13.850000  979.343052   20.922732   70.710690  -67.789333 
  13.860000  980.050159   20.244839   70.710690  -67.889333 
  13.870000  980.757266   19.565945   70.710690  -67.989333 
  13.880000  981.464373   18.886052   70.710690  -68.089333 
  13.890000  982.171480   18.205159   70.710690  -68.189333 
  13.900000  982.878586   17.523265   70.710690  -68.289333 
  13.910000  983.585693   16.840372   70.710690  -68.389333 
  13.920000  984.292800   16.156479   70.710690  -68.489333 
  13.930000  984.999907   15.471585   70.710690  -68.589333 
  13.940000  985.707014   14.785692   70.710690  -68.689333 
  13.950000  986.414121   14.098799   70.710690  -68.789333 
  13.960000  987.121228   13.410905   70.710690  -68.889333 
  13.970000  987.828335   12.722012   70.710690  -68.989333 
  13.980000  988.535442   12.032119   70.710690  -69.089333 
  13.990000  989.242549   11.341225   70.710690  -69.189333 
  14.000000  989.949655   10.649332   70.710690  -69.289333 
  14.010000  990.656762    9.956439   70.710690  -69.389333 
  14.020000  991.363869    9.262545   70.710690  -69.489333 
  14.030000  992.070976    8.567652   70.710690  -69.589333 
  14.040000  992.778083    7.871759   70.710690  -69.689333 
  14.050000  993.485190    7.174865   70.710690  -69.789333 
  14.060000  994.192297    6.476972   70.710690  -69.889333 
  14.070000  994.899404    5.778079   70.710690  -69.989333 
  14.080000  995.606511    5.078185   70.710690  -70.089333 
  14.090000  996.313617    4.377292   70.710690  -70.189333 
  14.100000  997.020724    3.675399   70.710690  -70.289333 
  14.110000  997.727831    2.972505   70.710690  -70.389333 
  14.120000  998.434938    2.268612   70.710690  -70.489333 
  14.130000  999.142045    1.563719   70.710690  -70.589333 
  14.140000  999.849152    0.857825   70.710690  -70.689333 
  14.150000 1000.556259    0.150932   70.710690  -70.789333 
