   0.000000    0.000000    0.000000   50.000019   86.602529 
   0.010000    0.500000    0.866025   49.750019   86.069517 
   0.020000    0.997500    1.726720   49.501269   85.539169 
   0.030000    1.492513    2.582112   49.253762   85.011473 
   0.040000    1.985051    3.432227   49.007494   84.486416 
   0.050000    2.475126    4.277091   48.762456   83.963984 
   0.060000    2.962750    5.116731   48.518644   83.444164 
   0.070000    3.447937    5.951173   48.276051   82.926943 
   0.080000    3.930697    6.780442   48.034670   82.412309 
   0.090000    4.411044    7.604565   47.794497   81.900247 
   0.100000    4.888989    8.423568   47.555524   81.390746 
   0.110000    5.364544    9.237475   47.317747   80.883792 
   0.120000    5.837722   10.046313   47.081158   80.379373 
   0.130000    6.308533   10.850107   46.845752   79.877476 
   0.140000    6.776991   11.648881   46.611524   79.378089 
   0.150000    7.243106   12.442662   46.378466   78.881198 
   0.160000    7.706891   13.231474   46.146574   78.386792 
   0.170000    8.168356   14.015342   45.915841   77.894858 
   0.180000    8.627515   14.794291   45.686262   77.405384 
   0.190000    9.084377   15.568345   45.457830   76.918357 
   0.200000    9.538956   16.337528   45.230541   76.433765 
   0.210000    9.991261   17.101866   45.004388   75.951597 
   0.220000   10.441305   17.861382   44.779366   75.471839 
   0.230000   10.889099   18.616100   44.555470   74.994479 
   0.240000   11.334653   19.366045   44.332692   74.519507 
   0.250000   11.777980   20.111240   44.111029   74.046909 
   0.260000   12.219090   20.851709   43.890474   73.576675 
   0.270000   12.657995   21.587476   43.671021   73.108792 
   0.280000   13.094705   22.318564   43.452666   72.643248 
   0.290000   13.529232   23.044996   43.235403   72.180031 
   0.300000   13.961586   23.766797   43.019226   71.719131 
   0.310000   14.391778   24.483988   42.804130   71.260536 
   0.320000   14.819820   25.196593   42.590109   70.804233 
   0.330000   15.245721   25.904636   42.377159   70.350212 
   0.340000   15.669492   26.608138   42.165273   69.898461 
   0.350000   16.091145   27.307122   41.954446   69.448968 
   0.360000   16.510689   28.001612   41.744674   69.001723 
   0.370000   16.928136   28.691629   41.535951   68.556715 
   0.380000   17.343496   29.377196   41.328271   68.113931 
   0.390000   17.756778   30.058336   41.121630   67.673362 
   0.400000   18.167995   30.735069   40.916021   67.234995 
   0.410000   18.577155   31.407419   40.711441   66.798820 
   0.420000   18.984269   32.075407   40.507884   66.364826 
   0.430000   19.389348   32.739056   40.305345   65.933002 
   0.440000   19.792402   33.398386   40.103818   65.503337 
   0.450000   20.193440   34.053419   39.903299   65.075820 
   0.460000   20.592473   34.704177   39.703782   64.650441 
   0.470000   20.989511   35.350682   39.505264   64.227189 
   0.480000   21.384563   35.992954   39.307737   63.806053 
   0.490000   21.777641   36.631014   39.111199   63.387022 
   0.500000   22.168753   37.264884   38.915643   62.970087 
   0.510000   22.557909   37.894585   38.721064   62.555237 
   0.520000   22.945120   38.520138   38.527459   62.142461 
   0.530000   23.330394   39.141562   38.334822   61.731748 
   0.540000   23.713743   39.758880   38.143148   61.323090 
   0.550000   24.095174   40.372111   37.952432   60.916474 
   0.560000   24.474698   40.981275   37.762670   60.511892 
   0.570000   24.852325   41.586394   37.573856   60.109332 
   0.580000   25.228064   42.187488   37.385987   59.708786 
   0.590000   25.601923   42.784575   37.199057   59.310242 
   0.600000   25.973914   43.377678   37.013062   58.913691 
   0.610000   26.344045   43.966815   36.827997   58.519122 
   0.620000   26.712325   44.552006   36.643857   58.126527 
   0.630000   27.078763   45.133271   36.460637   57.735894 
   0.640000   27.443370   45.710630   36.278334   57.347214 
   0.650000   27.806153   46.284102   36.096942   56.960478 
   0.660000   28.167122   46.853707   35.916458   56.575676 
   0.670000   28.526287   47.419464   35.736875   56.192798 
   0.680000   28.883656   47.981392   35.558191   55.811834 
   0.690000   29.239238   48.539510   35.380400   55.432774 
   0.700000   29.593042   49.093838   35.203498   55.055611 
   0.710000   29.945077   49.644394   35.027481   54.680332 
   0.720000   30.295351   50.191197   34.852343   54.306931 
   0.730000   30.643875   50.734267   34.678081   53.935396 
   0.740000   30.990656   51.273621   34.504691   53.565719 
   0.750000   31.335703   51.809278   34.332168   53.197891 
   0.760000   31.679024   52.341257   34.160507   52.831901 
   0.770000   32.020629   52.869576   33.989704   52.467742 
   0.780000   32.360526   53.394253   33.819756   52.105403 
   0.790000   32.698724   53.915307   33.650657   51.744876 
   0.800000   33.035230   54.432756   33.482404   51.386152 
   0.810000   33.370054   54.946617   33.314992   51.029221 
   0.820000   33.703204   55.456910   33.148417   50.674075 
   0.830000   34.034689   55.963650   32.982675   50.320704 
   0.840000   34.364515   56.466857   32.817761   49.969101 
   0.850000   34.692693   56.966548   32.653672   49.619255 
   0.860000   35.019230   57.462741   32.490404   49.271159 
   0.870000   35.344134   57.955453   32.327952   48.924803 
   0.880000   35.667413   58.444701   32.166312   48.580179 
   0.890000   35.989076   58.930502   32.005481   48.237278 
   0.900000   36.309131   59.412875   31.845453   47.896092 
   0.910000   36.627586   59.891836   31.686226   47.556611 
   0.920000   36.944448   60.367402   31.527795   47.218828 
   0.930000   37.259726   60.839591   31.370156   46.882734 
   0.940000   37.573427   61.308418   31.213305   46.548321 
   0.950000   37.885560   61.773901   31.057239   46.215579 
   0.960000   38.196133   62.236057   30.901952   45.884501 
   0.970000   38.505152   62.694902   30.747443   45.555079 
   0.980000   38.812627   63.150453   30.593705   45.227303 
   0.990000   39.118564   63.602726   30.440737   44.901167 
   1.000000   39.422971   64.051737   30.288533   44.576661 
   1.010000   39.725857   64.497504   30.137091   44.253778 
   1.020000   40.027227   64.940042   29.986405   43.932509 
   1.030000   40.327092   65.379367   29.836473   43.612846 
   1.040000   40.625456   65.815495   29.687291   43.294782 
   1.050000   40.922329   66.248443   29.538854   42.978308 
   1.060000   41.217718   66.678226   29.391160   42.663416 
   1.070000   41.511629   67.104860   29.244204   42.350099 
   1.080000   41.804071   67.528361   29.097983   42.038349 
   1.090000   42.095051   67.948745   28.952493   41.728157 
   1.100000   42.384576   68.366026   28.807731   41.419516 
   1.110000   42.672653   68.780222   28.663692   41.112419 
   1.120000   42.959290   69.191346   28.520374   40.806857 
   1.130000   43.244494   69.599414   28.377772   40.502822 
   1.140000   43.528272   70.004443   28.235883   40.200308 
   1.150000   43.810631   70.406446   28.094704   39.899307 
   1.160000   44.091578   70.805439   27.954230   39.599810 
   1.170000   44.371120   71.201437   27.814459   39.301811 
   1.180000   44.649265   71.594455   27.675387   39.005302 
   1.190000   44.926018   71.984508   27.537010   38.710276 
   1.200000   45.201389   72.371611   27.399325   38.416724 
   1.210000   45.475382   72.755778   27.262328   38.124641 
   1.220000   45.748005   73.137024   27.126016   37.834017 
   1.230000   46.019265   73.515364   26.990386   37.544847 
   1.240000   46.289169   73.890813   26.855434   37.257123 
   1.250000   46.557723   74.263384   26.721157   36.970837 
   1.260000   46.824935   74.633093   26.587551   36.685983 
   1.270000   47.090810   74.999952   26.454614   36.402553 
   1.280000   47.355357   75.363978   26.322341   36.120541 
   1.290000   47.618580   75.725183   26.190729   35.839938 
   1.300000   47.880487   76.083583   26.059775   35.560738 
   1.310000   48.141085   76.439190   25.929476   35.282934 
   1.320000   48.400380   76.792019   25.799829   35.006520 
   1.330000   48.658378   77.142085   25.670830   34.731487 
   1.340000   48.915086   77.489399   25.542476   34.457830 
   1.350000   49.170511   77.833978   25.414763   34.185541 
   1.360000   49.424659   78.175833   25.287689   33.914613 
   1.370000   49.677536   78.514979   25.161251   33.645040 
   1.380000   49.929148   78.851430   25.035445   33.376815 
   1.390000   50.179503   79.185198   24.910268   33.109931 
   1.400000   50.428605   79.516297   24.785716   32.844381 
   1.410000   50.676463   79.844741   24.661788   32.580159 
   1.420000   50.923080   80.170543   24.538479   32.317258 
   1.430000   51.168465   80.493715   24.415786   32.055672 
   1.440000   51.412623   80.814272   24.293707   31.795394 
   1.450000   51.655560   81.132226   24.172239   31.536417 
   1.460000   51.897282   81.447590   24.051378   31.278734 
   1.470000   52.137796   81.760377   23.931121   31.022341 
   1.480000   52.377107   82.070601   23.811465   30.767229 
   1.490000   52.615222   82.378273   23.692408   30.513393 
   1.500000   52.852146   82.683407   23.573946   30.260826 
   1.510000   53.087886   82.986015   23.456076   30.009522 
   1.520000   53.322446   83.286110   23.338796   29.759474 
   1.530000   53.555834   83.583705   23.222102   29.510677 
   1.540000   53.788055   83.878812   23.105991   29.263124 
   1.550000   54.019115   84.171443   22.990461   29.016808 
   1.560000   54.249020   84.461611   22.875509   28.771724 
   1.570000   54.477775   84.749328   22.761131   28.527865 
   1.580000   54.705386   85.034607   22.647326   28.285226 
   1.590000   54.931860   85.317459   22.534089   28.043800 
   1.600000   55.157200   85.597897   22.421419   27.803581 
   1.610000   55.381415   85.875933   22.309312   27.564563 
   1.620000   55.604508   86.151579   22.197765   27.326740 
   1.630000   55.826485   86.424846   22.086776   27.090106 
   1.640000   56.047353   86.695747   21.976342   26.854656 
   1.650000   56.267117   86.964294   21.866461   26.620383 
   1.660000   56.485781   87.230498   21.757128   26.387281 
   1.670000   56.703352   87.494370   21.648343   26.155344 
   1.680000   56.919836   87.755924   21.540101   25.924568 
   1.690000   57.135237   88.015170   21.432400   25.694945 
   1.700000   57.349561   88.272119   21.325238   25.466470 
   1.710000   57.562813   88.526784   21.218612   25.239138 
   1.720000   57.774999   88.779175   21.112519   25.012942 
   1.730000   57.986125   89.029305   21.006957   24.787877 
   1.740000   58.196194   89.277183   20.901922   24.563938 
   1.750000   58.405213   89.522823   20.797412   24.341118 
   1.760000   58.613188   89.766234   20.693425   24.119413 
   1.770000   58.820122   90.007428   20.589958   23.898815 
   1.780000   59.026021   90.246416   20.487008   23.679321 
   1.790000   59.230891   90.483209   20.384573   23.460925 
   1.800000   59.434737   90.717819   20.282650   23.243620 
   1.810000   59.637564   90.950255   20.181237   23.027402 
   1.820000   59.839376   91.180529   20.080331   22.812265 
   1.830000   60.040179   91.408652   19.979929   22.598204 
   1.840000   60.239979   91.634634   19.880030   22.385213 
   1.850000   60.438779   91.858486   19.780629   22.173287 
   1.860000   60.636585   92.080219   19.681726   21.962420 
   1.870000   60.833403   92.299843   19.583318   21.752608 
   1.880000   61.029236   92.517369   19.485401   21.543845 
   1.890000   61.224090   92.732807   19.387974   21.336126 
   1.900000   61.417969   92.946169   19.291034   21.129445 
   1.910000   61.610880   93.157463   19.194579   20.923798 
   1.920000   61.802826   93.366701   19.098606   20.719179 
   1.930000   61.993812   93.573893   19.003113   20.515583 
   1.940000   62.183843   93.779049   18.908097   20.313005 
   1.950000   62.372924   93.982179   18.813557   20.111440 
   1.960000   62.561059   94.183293   18.719489   19.910883 
   1.970000   62.748254   94.382402   18.625892   19.711329 
   1.980000   62.934513   94.579515   18.532762   19.512772 
   1.990000   63.119841   94.774643   18.440099   19.315208 
   2.000000   63.304242   94.967795   18.347898   19.118632 
   2.010000   63.487721   95.158981   18.256159   18.923039 
   2.020000   63.670282   95.348212   18.164878   18.728424 
   2.030000   63.851931   95.535496   18.074053   18.534782 
   2.040000   64.032672   95.720844   17.983683   18.342108 
   2.050000   64.212508   95.904265   17.893765   18.150397 
   2.060000   64.391446   96.085769   17.804296   17.959645 
   2.070000   64.569489   96.265365   17.715274   17.769847 
   2.080000   64.746642   96.443064   17.626698   17.580998 
   2.090000   64.922909   96.618874   17.538564   17.393093 
   2.100000   65.098294   96.792805   17.450872   17.206127 
   2.110000   65.272803   96.964866   17.363617   17.020097 
   2.120000   65.446439   97.135067   17.276799   16.834996 
   2.130000   65.619207   97.303417   17.190415   16.650821 
   2.140000   65.791111   97.469925   17.104463   16.467567 
   2.150000   65.962156   97.634601   17.018941   16.285229 
   2.160000   66.132345   97.797453   16.933846   16.103803 
   2.170000   66.301684   97.958491   16.849177   15.923284 
   2.180000   66.470176   98.117724   16.764931   15.743668 
   2.190000   66.637825   98.275160   16.681106   15.564949 
   2.200000   66.804636   98.430810   16.597701   15.387124 
   2.210000   66.970613   98.584681   16.514712   15.210189 
   2.220000   67.135760   98.736783   16.432139   15.034138 
   2.230000   67.300082   98.887125   16.349978   14.858967 
   2.240000   67.463581   99.035714   16.268228   14.684672 
   2.250000   67.626264   99.182561   16.186887   14.511249 
   2.260000   67.788133   99.327673   16.105953   14.338693 
   2.270000   67.949192   99.471060   16.025423   14.166999 
   2.280000   68.109446   99.612730   15.945296   13.996164 
   2.290000   68.268899   99.752692   15.865569   13.826184 
   2.300000   68.427555   99.890954   15.786241   13.657053 
   2.310000   68.585417  100.027524   15.707310   13.488767 
   2.320000   68.742490  100.162412   15.628774   13.321323 
   2.330000   68.898778  100.295625   15.550630   13.154717 
   2.340000   69.054284  100.427172   15.472877   12.988943 
   2.350000   69.209013  100.557062   15.395512   12.823999 
   2.360000   69.362968  100.685302   15.318535   12.659879 
   2.370000   69.516154  100.811901   15.241942   12.496579 
   2.380000   69.668573  100.936866   15.165732   12.334096 
   2.390000   69.820230  101.060207   15.089904   12.172426 
   2.400000   69.971129  101.181932   15.014454   12.011564 
   2.410000   70.121274  101.302047   14.939382   11.851506 
   2.420000   70.270668  101.420562   14.864685   11.692248 
   2.430000   70.419315  101.537485   14.790362   11.533787 
   2.440000   70.567218  101.652823   14.716410   11.376118 
   2.450000   70.714382  101.766584   14.642828   11.219238 
   2.460000   70.860811  101.878776   14.569614   11.063141 
   2.470000   71.006507  101.989408   14.496765   10.907826 
   2.480000   71.151474  102.098486   14.424282   10.753287 
   2.490000   71.295717  102.206019   14.352160   10.599520 
   2.500000   71.439239  102.312014   14.280399   10.446523 
   2.510000   71.582043  102.416479   14.208997   10.294290 
   2.520000   71.724133  102.519422   14.137952   10.142818 
   2.530000   71.865512  102.620850   14.067263    9.992104 
   2.540000   72.006185  102.720771   13.996926    9.842144 
   2.550000   72.146154  102.819193   13.926942    9.692933 
   2.560000   72.285424  102.916122   13.857307    9.544468 
   2.570000   72.423997  103.011567   13.788020    9.396746 
   2.580000   72.561877  103.105534   13.719080    9.249762 
   2.590000   72.699068  103.198032   13.650485    9.103514 
   2.600000   72.835573  103.289067   13.582233    8.957996 
   2.610000   72.971395  103.378647   13.514321    8.813206 
   2.620000   73.106538  103.466779   13.446750    8.669140 
   2.630000   73.241006  103.553470   13.379516    8.525794 
   2.640000   73.374801  103.638728   13.312618    8.383165 
   2.650000   73.507927  103.722560   13.246055    8.241249 
   2.660000   73.640388  103.804972   13.179825    8.100043 
   2.670000   73.772186  103.885973   13.113926    7.959543 
   2.680000   73.903325  103.965568   13.048356    7.819745 
   2.690000   74.033809  104.043766   12.983115    7.680647 
   2.700000   74.163640  104.120572   12.918199    7.542243 
   2.710000   74.292822  104.195995   12.853608    7.404532 
   2.720000   74.421358  104.270040   12.789340    7.267509 
   2.730000   74.549251  104.342715   12.725393    7.131172 
   2.740000   74.676505  104.414027   12.661766    6.995516 
   2.750000   74.803123  104.483982   12.598457    6.860538 
   2.760000   74.929107  104.552587   12.535465    6.726236 
   2.770000   75.054462  104.619850   12.472788    6.592605 
   2.780000   75.179190  104.685776   12.410424    6.459642 
   2.790000   75.303294  104.750372   12.348372    6.327343 
   2.800000   75.426778  104.813646   12.286630    6.195707 
   2.810000   75.549644  104.875603   12.225197    6.064728 
   2.820000   75.671896  104.936250   12.164071    5.934404 
   2.830000   75.793537  104.995594   12.103250    5.804732 
   2.840000   75.914569  105.053641   12.042734    5.675709 
   2.850000   76.034997  105.110398   11.982521    5.547330 
   2.860000   76.154822  105.165872   11.922608    5.419594 
   2.870000   76.274048  105.220068   11.862995    5.292496 
   2.880000   76.392678  105.272993   11.803680    5.166033 
   2.890000   76.510715  105.324653   11.744661    5.040203 
   2.900000   76.628161  105.375055   11.685938    4.915002 
   2.910000   76.745021  105.424205   11.627508    4.790427 
   2.920000   76.861296  105.472109   11.569371    4.666475 
   2.930000   76.976990  105.518774   11.511524    4.543142 
   2.940000   77.092105  105.564205   11.453966    4.420427 
   2.950000   77.206644  105.608410   11.396697    4.298325 
   2.960000   77.320611  105.651393   11.339713    4.176833 
   2.970000   77.434009  105.693161   11.283015    4.055949 
   2.980000   77.546839  105.733721   11.226600    3.935669 
   2.990000   77.659105  105.773077   11.170467    3.815991 
   3.000000   77.770809  105.811237   11.114614    3.696911 
   3.010000   77.881956  105.848207   11.059041    3.578426 
   3.020000   77.992546  105.883991   11.003746    3.460534 
   3.030000   78.102583  105.918596   10.948727    3.343231 
   3.040000   78.212071  105.952028   10.893984    3.226515 
   3.050000   78.321010  105.984294   10.839514    3.110383 
   3.060000   78.429406  106.015397   10.785316    2.994831 
   3.070000   78.537259  106.045346   10.731389    2.879857 
   3.080000   78.644573  106.074144   10.677733    2.765457 
   3.090000   78.751350  106.101799   10.624344    2.651630 
   3.100000   78.857593  106.128315   10.571222    2.538372 
   3.110000   78.963306  106.153699   10.518366    2.425680 
   3.120000   79.068489  106.177956   10.465774    2.313552 
   3.130000   79.173147  106.201091   10.413445    2.201984 
   3.140000   79.277282  106.223111   10.361378    2.090974 
   3.150000   79.380895  106.244021   10.309571    1.980519 
   3.160000   79.483991  106.263826   10.258023    1.870617 
   3.170000   79.586571  106.282532   10.206733    1.761263 
   3.180000   79.688639  106.300145   10.155700    1.652457 
   3.190000   79.790196  106.316669   10.104921    1.544195 
   3.200000   79.891245  106.332111   10.054396    1.436474 
   3.210000   79.991789  106.346476   10.004124    1.329291 
   3.220000   80.091830  106.359769    9.954104    1.222645 
   3.230000   80.191371  106.371995    9.904333    1.116532 
   3.240000   80.290414  106.383161    9.854812    1.010949 
   3.250000   80.388962  106.393270    9.805538    0.905894 
   3.260000   80.487018  106.402329    9.756510    0.801365 
   3.270000   80.584583  106.410343    9.707727    0.697358 
   3.280000   80.681660  106.417316    9.659189    0.593871 
   3.290000   80.778252  106.423255    9.610893    0.490902 
   3.300000   80.874361  106.428164    9.562838    0.388447 
   3.310000   80.969989  106.432049    9.515024    0.286505 
   3.320000   81.065140  106.434914    9.467449    0.185073 
   3.330000   81.159814  106.436764    9.420112    0.084147 
   3.340000   81.254015  106.437606    9.373011   -0.016273 
   3.350000   81.347745  106.437443    9.326146   -0.116192 
   3.360000   81.441007  106.436281    9.279515   -0.215611 
   3.370000   81.533802  106.434125    9.233118   -0.314533 
   3.380000   81.626133  106.430980    9.186952   -0.412960 
   3.390000   81.718003  106.426850    9.141018   -0.510896 
   3.400000   81.809413  106.421741    9.095312   -0.608341 
   3.410000   81.900366  106.415658    9.049836   -0.705299 
   3.420000   81.990864  106.408605    9.004587   -0.801773 
   3.430000   82.080910  106.400587    8.959564   -0.897764 
   3.440000   82.170506  106.391609    8.914766   -0.993275 
   3.450000   82.259654  106.381677    8.870192   -1.088309 
   3.460000   82.348355  106.370794    8.825841   -1.182867 
   3.470000   82.436614  106.358965    8.781712   -1.276953 
   3.480000   82.524431  106.346195    8.737803   -1.370568 
   3.490000   82.611809  106.332490    8.694114   -1.463715 
   3.500000   82.698750  106.317853    8.650644   -1.556397 
   3.510000   82.785257  106.302289    8.607391   -1.648615 
   3.520000   82.871331  106.285802    8.564354   -1.740372 
   3.530000   82.956974  106.268399    8.521532   -1.831670 
   3.540000   83.042189  106.250082    8.478924   -1.922512 
   3.550000   83.126979  106.230857    8.436530   -2.012899 
   3.560000   83.211344  106.210728    8.394347   -2.102834 
   3.570000   83.295287  106.189700    8.352375   -2.192320 
   3.580000   83.378811  106.167776    8.310613   -2.281359 
   3.590000   83.461917  106.144963    8.269060   -2.369952 
   3.600000   83.544608  106.121263    8.227715   -2.458102 
   3.610000   83.626885  106.096682    8.186576   -2.545812 
   3.620000   83.708751  106.071224    8.145643   -2.633083 
   3.630000   83.790207  106.044893    8.104915   -2.719917 
   3.640000   83.871256  106.017694    8.064391   -2.806318 
   3.650000   83.951900  105.989631    8.024069   -2.892286 
   3.660000   84.032141  105.960708    7.983948   -2.977825 
   3.670000   84.111980  105.930930    7.944029   -3.062935 
   3.680000   84.191421  105.900300    7.904309   -3.147621 
   3.690000   84.270464  105.868824    7.864787   -3.231883 
   3.700000   84.349112  105.836505    7.825463   -3.315723 
   3.710000   84.427366  105.803348    7.786336   -3.399145 
   3.720000   84.505230  105.769357    7.747404   -3.482149 
   3.730000   84.582704  105.734535    7.708667   -3.564738 
   3.740000   84.659790  105.698888    7.670124   -3.646914 
   3.750000   84.736492  105.662419    7.631773   -3.728680 
   3.760000   84.812809  105.625132    7.593614   -3.810036 
   3.770000   84.888745  105.587032    7.555646   -3.890986 
   3.780000   84.964302  105.548122    7.517868   -3.971531 
   3.790000   85.039481  105.508406    7.480279   -4.051674 
   3.800000   85.114283  105.467890    7.442877   -4.131415 
   3.810000   85.188712  105.426575    7.405663   -4.210758 
   3.820000   85.262769  105.384468    7.368634   -4.289704 
   3.830000   85.336455  105.341571    7.331791   -4.368256 
   3.840000   85.409773  105.297888    7.295132   -4.446415 
   3.850000   85.482724  105.253424    7.258657   -4.524183 
   3.860000   85.555311  105.208182    7.222363   -4.601562 
   3.870000   85.627535  105.162167    7.186252   -4.678554 
   3.880000   85.699397  105.115381    7.150320   -4.755161 
   3.890000   85.770900  105.067830    7.114569   -4.831385 
   3.900000   85.842046  105.019516    7.078996   -4.907228 
   3.910000   85.912836  104.970443    7.043601   -4.982692 
   3.920000   85.983272  104.920617    7.008383   -5.057779 
   3.930000   86.053356  104.870039    6.973341   -5.132490 
   3.940000   86.123089  104.818714    6.938474   -5.206827 
   3.950000   86.192474  104.766646    6.903782   -5.280793 
   3.960000   86.261512  104.713838    6.869263   -5.354389 
   3.970000   86.330204  104.660294    6.834917   -5.427617 
   3.980000   86.398554  104.606018    6.800742   -5.500479 
   3.990000   86.466561  104.551013    6.766738   -5.572977 
   4.000000   86.534228  104.495283    6.732905   -5.645112 
   4.010000   86.601557  104.438832    6.699240   -5.716886 
   4.020000   86.668550  104.381663    6.665744   -5.788302 
   4.030000   86.735207  104.323780    6.632415   -5.859361 
   4.040000   86.801531  104.265186    6.599253   -5.930064 
   4.050000   86.867524  104.205886    6.566257   -6.000413 
   4.060000   86.933187  104.145882    6.533426   -6.070411 
   4.070000   86.998521  104.085177    6.500758   -6.140059 
   4.080000   87.063528  104.023777    6.468255   -6.209359 
   4.090000   87.128211  103.961683    6.435913   -6.278312 
   4.100000   87.192570  103.898900    6.403734   -6.346921 
   4.110000   87.256607  103.835431    6.371715   -6.415186 
   4.120000   87.320325  103.771279    6.339857   -6.483110 
   4.130000   87.383723  103.706448    6.308157   -6.550695 
   4.140000   87.446805  103.640941    6.276617   -6.617941 
   4.150000   87.509571  103.574762    6.245233   -6.684851 
   4.160000   87.572023  103.507913    6.214007   -6.751427 
   4.170000   87.634163  103.440399    6.182937   -6.817670 
   4.180000   87.695993  103.372222    6.152023   -6.883582 
   4.190000   87.757513  103.303386    6.121262   -6.949164 
   4.200000   87.818725  103.233895    6.090656   -7.014418 
   4.210000   87.879632  103.163751    6.060203   -7.079346 
   4.220000   87.940234  103.092957    6.029902   -7.143949 
   4.230000   88.000533  103.021518    5.999752   -7.208229 
   4.240000   88.060531  102.949435    5.969754   -7.272188 
   4.250000   88.120228  102.876713    5.939905   -7.335827 
   4.260000   88.179627  102.803355    5.910205   -7.399148 
   4.270000   88.238729  102.729364    5.880654   -7.462152 
   4.280000   88.297536  102.654742    5.851251   -7.524842 
   4.290000   88.356048  102.579494    5.821995   -7.587217 
   4.300000   88.414268  102.503622    5.792885   -7.649281 
   4.310000   88.472197  102.427129    5.763920   -7.711035 
   4.320000   88.529836  102.350018    5.735101   -7.772480 
   4.330000   88.587187  102.272294    5.706425   -7.833617 
   4.340000   88.644252  102.193957    5.677893   -7.894449 
   4.350000   88.701030  102.115013    5.649504   -7.954977 
   4.360000   88.757525  102.035463    5.621256   -8.015202 
   4.370000   88.813738  101.955311    5.593150   -8.075126 
   4.380000   88.869670  101.874560    5.565184   -8.134750 
   4.390000   88.925321  101.793212    5.537358   -8.194077 
   4.400000   88.980695  101.711272    5.509671   -8.253106 
   4.410000   89.035792  101.628741    5.482123   -8.311841 
   4.420000   89.090613  101.545622    5.454712   -8.370282 
   4.430000   89.145160  101.461919    5.427439   -8.428430 
   4.440000   89.199434  101.377635    5.400302   -8.486288 
   4.450000   89.253437  101.292772    5.373300   -8.543857 
   4.460000   89.307170  101.207334    5.346434   -8.601137 
   4.470000   89.360635  101.121322    5.319701   -8.658132 
   4.480000   89.413832  101.034741    5.293103   -8.714841 
   4.490000   89.466763  100.947592    5.266637   -8.771267 
   4.500000   89.519429  100.859880    5.240304   -8.827410 
   4.510000   89.571832  100.771606    5.214103   -8.883273 
   4.520000   89.623973  100.682773    5.188032   -8.938857 
   4.530000   89.675854  100.593384    5.162092   -8.994163 
   4.540000   89.727475  100.503443    5.136282   -9.049192 
   4.550000   89.778837  100.412951    5.110600   -9.103946 
   4.560000   89.829943  100.321911    5.085047   -9.158426 
   4.570000   89.880794  100.230327    5.059622   -9.212634 
   4.580000   89.931390  100.138201    5.034324   -9.266571 
   4.590000   89.981733  100.045535    5.009152   -9.320238 
   4.600000   90.031825   99.952333    4.984106   -9.373637 
   4.610000   90.081666   99.858596    4.959186   -9.426769 
   4.620000   90.131258   99.764329    4.934390   -9.479635 
   4.630000   90.180602   99.669532    4.909718   -9.532237 
   4.640000   90.229699   99.574210    4.885169   -9.584575 
   4.650000   90.278550   99.478364    4.860744   -9.636653 
   4.660000   90.327158   99.381998    4.836440   -9.688469 
   4.670000   90.375522   99.285113    4.812258   -9.740027 
   4.680000   90.423645   99.187713    4.788196   -9.791327 
   4.690000   90.471527   99.089799    4.764255   -9.842370 
   4.700000   90.519169   98.991376    4.740434   -9.893158 
   4.710000   90.566574   98.892444    4.716732   -9.943693 
   4.720000   90.613741   98.793007    4.693148   -9.993974 
   4.730000   90.660673   98.693067    4.669683  -10.044004 
   4.740000   90.707369   98.592627    4.646334  -10.093784 
   4.750000   90.753833   98.491690    4.623103  -10.143315 
   4.760000   90.800064   98.390256    4.599987  -10.192599 
   4.770000   90.846064   98.288330    4.576987  -10.241636 
   4.780000   90.891833   98.185914    4.554102  -10.290428 
   4.790000   90.937375   98.083010    4.531332  -10.338975 
   4.800000   90.982688   97.979620    4.508675  -10.387281 
   4.810000   91.027775   97.875747    4.486132  -10.435344 
   4.820000   91.072636   97.771394    4.463701  -10.483167 
   4.830000   91.117273   97.666562    4.441382  -10.530752 
   4.840000   91.161687   97.561255    4.419175  -10.578098 
   4.850000   91.205878   97.455474    4.397080  -10.625207 
   4.860000   91.249849   97.349222    4.375094  -10.672081 
   4.870000   91.293600   97.242501    4.353219  -10.718721 
   4.880000   91.337132   97.135314    4.331453  -10.765127 
   4.890000   91.380447   97.027662    4.309795  -10.811302 
   4.900000   91.423545   96.919549    4.288246  -10.857245 
   4.910000   91.466427   96.810977    4.266805  -10.902959 
   4.920000   91.509095   96.701947    4.245471  -10.948444 
   4.930000   91.551550   96.592463    4.224244  -10.993702 
   4.940000   91.593793   96.482526    4.203123  -11.038733 
   4.950000   91.635824   96.372138    4.182107  -11.083540 
   4.960000   91.677645   96.261303    4.161196  -11.128122 
   4.970000   91.719257   96.150022    4.140390  -11.172481 
   4.980000   91.760661   96.038297    4.119689  -11.216619 
   4.990000   91.801858   95.926131    4.099090  -11.260536 
   5.000000   91.842849   95.813525    4.078595  -11.304233 
   5.010000   91.883634   95.700483    4.058202  -11.347712 
   5.020000   91.924216   95.587006    4.037911  -11.390974 
   5.030000   91.964596   95.473096    4.017721  -11.434019 
   5.040000   92.004773   95.358756    3.997632  -11.476849 
   5.050000   92.044749   95.243988    3.977644  -11.519464 
   5.060000   92.084526   95.128793    3.957756  -11.561867 
   5.070000   92.124103   95.013174    3.937967  -11.604058 
   5.080000   92.163483   94.897134    3.918277  -11.646037 
   5.090000   92.202666   94.780673    3.898686  -11.687807 
   5.100000   92.241652   94.663795    3.879193  -11.729368 
   5.110000   92.280444   94.546502    3.859797  -11.770721 
   5.120000   92.319042   94.428794    3.840498  -11.811868 
   5.130000   92.357447   94.310676    3.821295  -11.852808 
   5.140000   92.395660   94.192148    3.802189  -11.893544 
   5.150000   92.433682   94.073212    3.783178  -11.934077 
   5.160000   92.471514   93.953871    3.764262  -11.974406 
   5.170000   92.509157   93.834127    3.745441  -12.014534 
   5.180000   92.546611   93.713982    3.726713  -12.054462 
   5.190000   92.583878   93.593437    3.708080  -12.094189 
   5.200000   92.620959   93.472495    3.689539  -12.133718 
   5.210000   92.657854   93.351158    3.671092  -12.173050 
   5.220000   92.694565   93.229428    3.652736  -12.212184 
   5.230000   92.731093   93.107306    3.634473  -12.251123 
   5.240000   92.767437   92.984795    3.616300  -12.289868 
   5.250000   92.803600   92.861896    3.598219  -12.328419 
   5.260000   92.839582   92.738612    3.580228  -12.366776 
   5.270000   92.875385   92.614944    3.562326  -12.404943 
   5.280000   92.911008   92.490895    3.544515  -12.442918 
   5.290000   92.946453   92.366465    3.526792  -12.480703 
   5.300000   92.981721   92.241658    3.509158  -12.518300 
   5.310000   93.016813   92.116475    3.491613  -12.555708 
   5.320000   93.051729   91.990918    3.474154  -12.592930 
   5.330000   93.086470   91.864989    3.456784  -12.629965 
   5.340000   93.121038   91.738689    3.439500  -12.666815 
   5.350000   93.155433   91.612021    3.422302  -12.703481 
   5.360000   93.189656   91.484986    3.405191  -12.739964 
   5.370000   93.223708   91.357587    3.388165  -12.776264 
   5.380000   93.257590   91.229824    3.371224  -12.812383 
   5.390000   93.291302   91.101700    3.354368  -12.848321 
   5.400000   93.324846   90.973217    3.337596  -12.884079 
   5.410000   93.358222   90.844376    3.320908  -12.919659 
   5.420000   93.391431   90.715180    3.304304  -12.955060 
   5.430000   93.424474   90.585629    3.287782  -12.990285 
   5.440000   93.457352   90.455726    3.271343  -13.025334 
   5.450000   93.490065   90.325473    3.254986  -13.060207 
   5.460000   93.522615   90.194871    3.238711  -13.094906 
   5.470000   93.555002   90.063922    3.222518  -13.129431 
   5.480000   93.587227   89.932628    3.206405  -13.163784 
   5.490000   93.619291   89.800990    3.190373  -13.197965 
   5.500000   93.651195   89.669010    3.174421  -13.231976 
   5.510000   93.682939   89.536690    3.158549  -13.265816 
   5.520000   93.714525   89.404032    3.142757  -13.299487 
   5.530000   93.745952   89.271037    3.127043  -13.332989 
   5.540000   93.777223   89.137707    3.111408  -13.366324 
   5.550000   93.808337   89.004044    3.095851  -13.399493 
   5.560000   93.839295   88.870049    3.080371  -13.432495 
   5.570000   93.870099   88.735724    3.064969  -13.465333 
   5.580000   93.900749   88.601071    3.049645  -13.498006 
   5.590000   93.931245   88.466091    3.034396  -13.530516 
   5.600000   93.961589   88.330786    3.019224  -13.562863 
   5.610000   93.991781   88.195157    3.004128  -13.595049 
   5.620000   94.021823   88.059207    2.989108  -13.627074 
   5.630000   94.051714   87.922936    2.974162  -13.658938 
   5.640000   94.081455   87.786346    2.959291  -13.690644 
   5.650000   94.111048   87.649440    2.944495  -13.722191 
   5.660000   94.140493   87.512218    2.929772  -13.753580 
   5.670000   94.169791   87.374682    2.915123  -13.784812 
   5.680000   94.198942   87.236834    2.900548  -13.815888 
   5.690000   94.227948   87.098675    2.886045  -13.846808 
   5.700000   94.256808   86.960207    2.871615  -13.877574 
   5.710000   94.285524   86.821432    2.857257  -13.908186 
   5.720000   94.314097   86.682350    2.842971  -13.938645 
   5.730000   94.342526   86.542963    2.828756  -13.968952 
   5.740000   94.370814   86.403274    2.814612  -13.999107 
   5.750000   94.398960   86.263283    2.800539  -14.029112 
   5.760000   94.426965   86.122991    2.786536  -14.058966 
   5.770000   94.454831   85.982402    2.772603  -14.088671 
   5.780000   94.482557   85.841515    2.758740  -14.118228 
   5.790000   94.510144   85.700333    2.744947  -14.147637 
   5.800000   94.537594   85.558856    2.731222  -14.176899 
   5.810000   94.564906   85.417087    2.717566  -14.206014 
   5.820000   94.592082   85.275027    2.703978  -14.234984 
   5.830000   94.619121   85.132677    2.690458  -14.263809 
   5.840000   94.646026   84.990039    2.677006  -14.292490 
   5.850000   94.672796   84.847114    2.663621  -14.321028 
   5.860000   94.699432   84.703904    2.650303  -14.349423 
   5.870000   94.725935   84.560410    2.637051  -14.377676 
   5.880000   94.752306   84.416633    2.623866  -14.405787 
   5.890000   94.778544   84.272575    2.610747  -14.433758 
   5.900000   94.804652   84.128238    2.597693  -14.461589 
   5.910000   94.830629   83.983622    2.584704  -14.489281 
   5.920000   94.856476   83.838729    2.571781  -14.516835 
   5.930000   94.882194   83.693561    2.558922  -14.544251 
   5.940000   94.907783   83.548118    2.546127  -14.571530 
   5.950000   94.933244   83.402403    2.533397  -14.598672 
   5.960000   94.958578   83.256416    2.520730  -14.625679 
   5.970000   94.983785   83.110159    2.508126  -14.652550 
   5.980000   95.008867   82.963634    2.495586  -14.679287 
   5.990000   95.033823   82.816841    2.483108  -14.705891 
   6.000000   95.058654   82.669782    2.470692  -14.732362 
   6.010000   95.083361   82.522458    2.458339  -14.758700 
   6.020000   95.107944   82.374872    2.446047  -14.784906 
   6.030000   95.132404   82.227022    2.433817  -14.810982 
   6.040000   95.156743   82.078913    2.421648  -14.836927 
   6.050000   95.180959   81.930543    2.409539  -14.862742 
   6.060000   95.205054   81.781916    2.397492  -14.888428 
   6.070000   95.229029   81.633032    2.385504  -14.913986 
   6.080000   95.252884   81.483892    2.373577  -14.939416 
   6.090000   95.276620   81.334498    2.361709  -14.964719 
   6.100000   95.300237   81.184850    2.349900  -14.989896 
   6.110000   95.323736   81.034951    2.338151  -15.014946 
   6.120000   95.347118   80.884802    2.326460  -15.039872 
   6.130000   95.370382   80.734403    2.314828  -15.064672 
   6.140000   95.393531   80.583757    2.303254  -15.089349 
   6.150000   95.416563   80.432863    2.291737  -15.113902 
   6.160000   95.439481   80.281724    2.280279  -15.138333 
   6.170000   95.462283   80.130341    2.268877  -15.162641 
   6.180000   95.484972   79.978714    2.257533  -15.186828 
   6.190000   95.507547   79.826846    2.246245  -15.210894 
   6.200000   95.530010   79.674737    2.235014  -15.234839 
   6.210000   95.552360   79.522389    2.223839  -15.258665 
   6.220000   95.574598   79.369802    2.212720  -15.282372 
   6.230000   95.596726   79.216978    2.201656  -15.305960 
   6.240000   95.618742   79.063919    2.190648  -15.329430 
   6.250000   95.640649   78.910624    2.179695  -15.352783 
   6.260000   95.662446   78.757097    2.168796  -15.376019 
   6.270000   95.684134   78.603336    2.157952  -15.399139 
   6.280000   95.705713   78.449345    2.147162  -15.422143 
   6.290000   95.727185   78.295124    2.136427  -15.445032 
   6.300000   95.748549   78.140673    2.125744  -15.467807 
   6.310000   95.769806   77.985995    2.115116  -15.490468 
   6.320000   95.790958   77.831091    2.104540  -15.513016 
   6.330000   95.812003   77.675960    2.094017  -15.535451 
   6.340000   95.832943   77.520606    2.083547  -15.557773 
   6.350000   95.853779   77.365028    2.073130  -15.579985 
   6.360000   95.874510   77.209228    2.062764  -15.602085 
   6.370000   95.895138   77.053207    2.052450  -15.624074 
   6.380000   95.915662   76.896967    2.042188  -15.645954 
   6.390000   95.936084   76.740507    2.031977  -15.667724 
   6.400000   95.956404   76.583830    2.021817  -15.689385 
   6.410000   95.976622   76.426936    2.011708  -15.710939 
   6.420000   95.996739   76.269827    2.001649  -15.732384 
   6.430000   96.016755   76.112503    1.991641  -15.753722 
   6.440000   96.036672   75.954966    1.981683  -15.774953 
   6.450000   96.056489   75.797216    1.971775  -15.796079 
   6.460000   96.076206   75.639255    1.961916  -15.817098 
   6.470000   96.095826   75.481084    1.952106  -15.838013 
   6.480000   96.115347   75.322704    1.942346  -15.858823 
   6.490000   96.134770   75.164116    1.932634  -15.879529 
   6.500000   96.154096   75.005321    1.922971  -15.900131 
   6.510000   96.173326   74.846319    1.913356  -15.920630 
   6.520000   96.192460   74.687113    1.903789  -15.941027 
   6.530000   96.211498   74.527703    1.894270  -15.961322 
   6.540000   96.230440   74.368090    1.884799  -15.981515 
   6.550000   96.249288   74.208274    1.875375  -16.001608 
   6.560000   96.268042   74.048258    1.865998  -16.021600 
   6.570000   96.286702   73.888042    1.856668  -16.041492 
   6.580000   96.305269   73.727627    1.847385  -16.061284 
   6.590000   96.323743   73.567015    1.838148  -16.080978 
   6.600000   96.342124   73.406205    1.828957  -16.100573 
   6.610000   96.360414   73.245199    1.819812  -16.120070 
   6.620000   96.378612   73.083998    1.810713  -16.139470 
   6.630000   96.396719   72.922604    1.801659  -16.158772 
   6.640000   96.414735   72.761016    1.792651  -16.177979 
   6.650000   96.432662   72.599236    1.783688  -16.197089 
   6.660000   96.450499   72.437265    1.774769  -16.216103 
   6.670000   96.468247   72.275104    1.765896  -16.235023 
   6.680000   96.485905   72.112754    1.757066  -16.253848 
   6.690000   96.503476   71.950216    1.748281  -16.272578 
   6.700000   96.520959   71.787490    1.739539  -16.291215 
   6.710000   96.538354   71.624578    1.730842  -16.309759 
   6.720000   96.555663   71.461480    1.722187  -16.328211 
   6.730000   96.572885   71.298198    1.713577  -16.346569 
   6.740000   96.590020   71.134732    1.705009  -16.364837 
   6.750000   96.607070   70.971084    1.696484  -16.383012 
   6.760000   96.624035   70.807254    1.688001  -16.401097 
   6.770000   96.640915   70.643243    1.679561  -16.419092 
   6.780000   96.657711   70.479052    1.671163  -16.436996 
   6.790000   96.674423   70.314682    1.662808  -16.454811 
   6.800000   96.691051   70.150134    1.654494  -16.472537 
   6.810000   96.707596   69.985408    1.646221  -16.490175 
   6.820000   96.724058   69.820507    1.637990  -16.507724 
   6.830000   96.740438   69.655429    1.629800  -16.525185 
   6.840000   96.756736   69.490178    1.621651  -16.542559 
   6.850000   96.772952   69.324752    1.613543  -16.559847 
   6.860000   96.789088   69.159154    1.605475  -16.577047 
   6.870000   96.805142   68.993383    1.597448  -16.594162 
   6.880000   96.821117   68.827441    1.589460  -16.611191 
   6.890000   96.837011   68.661330    1.581513  -16.628135 
   6.900000   96.852827   68.495048    1.573606  -16.644995 
   6.910000   96.868563   68.328598    1.565738  -16.661770 
   6.920000   96.884220   68.161981    1.557909  -16.678461 
   6.930000   96.899799   67.995196    1.550119  -16.695068 
   6.940000   96.915300   67.828245    1.542369  -16.711593 
   6.950000   96.930724   67.661129    1.534657  -16.728035 
   6.960000   96.946071   67.493849    1.526984  -16.744395 
   6.970000   96.961340   67.326405    1.519349  -16.760673 
   6.980000   96.976534   67.158798    1.511752  -16.776870 
   6.990000   96.991651   66.991030    1.504193  -16.792985 
   7.000000   97.006693   66.823100    1.496672  -16.809020 
   7.010000   97.021660   66.655010    1.489189  -16.824975 
   7.020000   97.036552   66.486760    1.481743  -16.840850 
   7.030000   97.051369   66.318351    1.474334  -16.856646 
   7.040000   97.066113   66.149785    1.466963  -16.872363 
   7.050000   97.080782   65.981061    1.459628  -16.888001 
   7.060000   97.095379   65.812181    1.452330  -16.903561 
   7.070000   97.109902   65.643146    1.445068  -16.919043 
   7.080000   97.124353   65.473955    1.437843  -16.934448 
   7.090000   97.138731   65.304611    1.430653  -16.949776 
   7.100000   97.153038   65.135113    1.423500  -16.965027 
   7.110000   97.167273   64.965463    1.416383  -16.980202 
   7.120000   97.181436   64.795661    1.409301  -16.995301 
   7.130000   97.195529   64.625708    1.402254  -17.010324 
   7.140000   97.209552   64.455604    1.395243  -17.025273 
   7.150000   97.223504   64.285352    1.388267  -17.040146 
   7.160000   97.237387   64.114950    1.381325  -17.054946 
   7.170000   97.251200   63.944401    1.374419  -17.069671 
   7.180000   97.264944   63.773704    1.367547  -17.084323 
   7.190000   97.278620   63.602861    1.360709  -17.098901 
   7.200000   97.292227   63.431872    1.353905  -17.113406 
   7.210000   97.305766   63.260738    1.347136  -17.127839 
   7.220000   97.319237   63.089459    1.340400  -17.142200 
   7.230000   97.332641   62.918037    1.333698  -17.156489 
   7.240000   97.345978   62.746472    1.327030  -17.170707 
   7.250000   97.359249   62.574765    1.320395  -17.184853 
   7.260000   97.372453   62.402917    1.313793  -17.198929 
   7.270000   97.385591   62.230928    1.307224  -17.212934 
   7.280000   97.398663   62.058798    1.300687  -17.226870 
   7.290000   97.411670   61.886529    1.294184  -17.240735 
   7.300000   97.424612   61.714122    1.287713  -17.254532 
   7.310000   97.437489   61.541577    1.281275  -17.268259 
   7.320000   97.450301   61.368894    1.274868  -17.281918 
   7.330000   97.463050   61.196075    1.268494  -17.295508 
   7.340000   97.475735   61.023120    1.262151  -17.309030 
   7.350000   97.488357   60.850030    1.255841  -17.322485 
   7.360000   97.500915   60.676805    1.249561  -17.335873 
   7.370000   97.513411   60.503446    1.243314  -17.349194 
   7.380000   97.525844   60.329954    1.237097  -17.362448 
   7.390000   97.538215   60.156330    1.230912  -17.375635 
   7.400000   97.550524   59.982573    1.224757  -17.388757 
   7.410000   97.562771   59.808686    1.218633  -17.401813 
   7.420000   97.574958   59.634668    1.212540  -17.414804 
   7.430000   97.587083   59.460520    1.206477  -17.427730 
   7.440000   97.599148   59.286242    1.200445  -17.440592 
   7.450000   97.611152   59.111836    1.194443  -17.453389 
   7.460000   97.623097   58.937302    1.188470  -17.466122 
   7.470000   97.634981   58.762641    1.182528  -17.478791 
   7.480000   97.646807   58.587853    1.176616  -17.491397 
   7.490000   97.658573   58.412939    1.170732  -17.503940 
   7.500000   97.670280   58.237900    1.164879  -17.516420 
   7.510000   97.681929   58.062736    1.159054  -17.528838 
   7.520000   97.693520   57.887447    1.153259  -17.541194 
   7.530000   97.705052   57.712035    1.147493  -17.553488 
   7.540000   97.716527   57.536501    1.141755  -17.565721 
   7.550000   97.727945   57.360843    1.136047  -17.577892 
   7.560000   97.739305   57.185064    1.130366  -17.590003 
   7.570000   97.750609   57.009164    1.124714  -17.602053 
   7.580000   97.761856   56.833144    1.119091  -17.614042 
   7.590000   97.773047   56.657003    1.113495  -17.625972 
   7.600000   97.784182   56.480744    1.107928  -17.637842 
   7.610000   97.795261   56.304365    1.102388  -17.649653 
   7.620000   97.806285   56.127869    1.096876  -17.661405 
   7.630000   97.817254   55.951255    1.091392  -17.673098 
   7.640000   97.828168   55.774524    1.085935  -17.684732 
   7.650000   97.839027   55.597676    1.080505  -17.696309 
   7.660000   97.849832   55.420713    1.075103  -17.707827 
   7.670000   97.860583   55.243635    1.069727  -17.719288 
   7.680000   97.871280   55.066442    1.064379  -17.730692 
   7.690000   97.881924   54.889135    1.059057  -17.742038 
   7.700000   97.892515   54.711715    1.053762  -17.753328 
   7.710000   97.903052   54.534182    1.048493  -17.764561 
   7.720000   97.913537   54.356536    1.043250  -17.775738 
   7.730000   97.923970   54.178779    1.038034  -17.786860 
   7.740000   97.934350   54.000910    1.032844  -17.797926 
   7.750000   97.944678   53.822931    1.027680  -17.808936 
   7.760000   97.954955   53.644841    1.022541  -17.819891 
   7.770000   97.965181   53.466642    1.017429  -17.830792 
   7.780000   97.975355   53.288335    1.012341  -17.841638 
   7.790000   97.985478   53.109918    1.007280  -17.852430 
   7.800000   97.995551   52.931394    1.002243  -17.863167 
   7.810000   98.005574   52.752762    0.997232  -17.873852 
   7.820000   98.015546   52.574024    0.992246  -17.884482 
   7.830000   98.025468   52.395179    0.987285  -17.895060 
   7.840000   98.035341   52.216228    0.982348  -17.905585 
   7.850000   98.045165   52.037172    0.977437  -17.916057 
   7.860000   98.054939   51.858012    0.972549  -17.926476 
   7.870000   98.064665   51.678747    0.967687  -17.936844 
   7.880000   98.074341   51.499379    0.962848  -17.947160 
   7.890000   98.083970   51.319907    0.958034  -17.957424 
   7.900000   98.093550   51.140333    0.953244  -17.967637 
   7.910000   98.103083   50.960656    0.948478  -17.977799 
   7.920000   98.112567   50.780878    0.943735  -17.987910 
   7.930000   98.122005   50.600999    0.939016  -17.997970 
   7.940000   98.131395   50.421020    0.934321  -18.007980 
   7.950000   98.140738   50.240940    0.929650  -18.017940 
   7.960000   98.150035   50.060760    0.925002  -18.027851 
   7.970000   98.159285   49.880482    0.920377  -18.037711 
   7.980000   98.168488   49.700105    0.915775  -18.047523 
   7.990000   98.177646   49.519630    0.911196  -18.057285 
   8.000000   98.186758   49.339057    0.906640  -18.066999 
   8.010000   98.195825   49.158387    0.902107  -18.076664 
   8.020000   98.204846   48.977620    0.897596  -18.086281 
   8.030000   98.213822   48.796757    0.893108  -18.095849 
   8.040000   98.222753   48.615799    0.888643  -18.105370 
   8.050000   98.231639   48.434745    0.884199  -18.114843 
   8.060000   98.240481   48.253597    0.879778  -18.124269 
   8.070000   98.249279   48.072354    0.875379  -18.133648 
   8.080000   98.258033   47.891018    0.871003  -18.142979 
   8.090000   98.266743   47.709588    0.866648  -18.152264 
   8.100000   98.275409   47.528065    0.862314  -18.161503 
   8.110000   98.284032   47.346450    0.858003  -18.170696 
   8.120000   98.292612   47.164743    0.853713  -18.179842 
   8.130000   98.301149   46.982945    0.849444  -18.188943 
   8.140000   98.309644   46.801055    0.845197  -18.197998 
   8.150000   98.318096   46.619075    0.840971  -18.207008 
   8.160000   98.326506   46.437005    0.836766  -18.215973 
   8.170000   98.334873   46.254845    0.832582  -18.224893 
   8.180000   98.343199   46.072597    0.828419  -18.233769 
   8.190000   98.351483   45.890259    0.824277  -18.242600 
   8.200000   98.359726   45.707833    0.820156  -18.251387 
   8.210000   98.367928   45.525319    0.816055  -18.260130 
   8.220000   98.376088   45.342718    0.811975  -18.268829 
   8.230000   98.384208   45.160029    0.807915  -18.277485 
   8.240000   98.392287   44.977255    0.803875  -18.286098 
   8.250000   98.400326   44.794394    0.799856  -18.294667 
   8.260000   98.408324   44.611447    0.795857  -18.303194 
   8.270000   98.416283   44.428415    0.791877  -18.311678 
   8.280000   98.424202   44.245298    0.787918  -18.320120 
   8.290000   98.432081   44.062097    0.783978  -18.328519 
   8.300000   98.439921   43.878812    0.780059  -18.336876 
   8.310000   98.447721   43.695443    0.776158  -18.345192 
   8.320000   98.455483   43.511991    0.772277  -18.353466 
   8.330000   98.463206   43.328456    0.768416  -18.361699 
   8.340000   98.470890   43.144839    0.764574  -18.369890 
   8.350000   98.478536   42.961141    0.760751  -18.378041 
   8.360000   98.486143   42.777360    0.756947  -18.386151 
   8.370000   98.493713   42.593499    0.753163  -18.394220 
   8.380000   98.501244   42.409556    0.749397  -18.402249 
   8.390000   98.508738   42.225534    0.745650  -18.410237 
   8.400000   98.516195   42.041432    0.741922  -18.418186 
   8.410000   98.523614   41.857250    0.738212  -18.426095 
   8.420000   98.530996   41.672989    0.734521  -18.433965 
   8.430000   98.538341   41.488649    0.730848  -18.441795 
   8.440000   98.545650   41.304231    0.727194  -18.449586 
   8.450000   98.552922   41.119735    0.723558  -18.457338 
   8.460000   98.560157   40.935162    0.719940  -18.465051 
   8.470000   98.567357   40.750511    0.716341  -18.472726 
   8.480000   98.574520   40.565784    0.712759  -18.480363 
   8.490000   98.581648   40.380980    0.709195  -18.487961 
   8.500000   98.588740   40.196101    0.705649  -18.495521 
   8.510000   98.595796   40.011146    0.702121  -18.503043 
   8.520000   98.602817   39.826115    0.698610  -18.510528 
   8.530000   98.609803   39.641010    0.695117  -18.517975 
   8.540000   98.616754   39.455830    0.691642  -18.525386 
   8.550000   98.623671   39.270576    0.688183  -18.532759 
   8.560000   98.630553   39.085249    0.684743  -18.540095 
   8.570000   98.637400   38.899848    0.681319  -18.547394 
   8.580000   98.644213   38.714374    0.677912  -18.554657 
   8.590000   98.650992   38.528827    0.674523  -18.561884 
   8.600000   98.657738   38.343208    0.671150  -18.569075 
   8.610000   98.664449   38.157518    0.667794  -18.576229 
   8.620000   98.671127   37.971755    0.664455  -18.583348 
   8.630000   98.677772   37.785922    0.661133  -18.590431 
   8.640000   98.684383   37.600018    0.657827  -18.597479 
   8.650000   98.690961   37.414043    0.654538  -18.604492 
   8.660000   98.697507   37.227998    0.651266  -18.611469 
   8.670000   98.704019   37.041883    0.648009  -18.618412 
   8.680000   98.710499   36.855699    0.644769  -18.625320 
   8.690000   98.716947   36.669446    0.641545  -18.632193 
   8.700000   98.723363   36.483124    0.638338  -18.639032 
   8.710000   98.729746   36.296734    0.635146  -18.645837 
   8.720000   98.736097   36.110275    0.631970  -18.652608 
   8.730000   98.742417   35.923749    0.628810  -18.659345 
   8.740000   98.748705   35.737156    0.625666  -18.666048 
   8.750000   98.754962   35.550495    0.622538  -18.672718 
   8.760000   98.761187   35.363768    0.619425  -18.679355 
   8.770000   98.767381   35.176975    0.616328  -18.685958 
   8.780000   98.773545   34.990115    0.613246  -18.692528 
   8.790000   98.779677   34.803190    0.610180  -18.699065 
   8.800000   98.785779   34.616199    0.607129  -18.705570 
   8.810000   98.791850   34.429143    0.604094  -18.712042 
   8.820000   98.797891   34.242023    0.601073  -18.718482 
   8.830000   98.803902   34.054838    0.598068  -18.724890 
   8.840000   98.809883   33.867589    0.595078  -18.731265 
   8.850000   98.815833   33.680277    0.592102  -18.737609 
   8.860000   98.821754   33.492900    0.589142  -18.743921 
   8.870000   98.827646   33.305461    0.586196  -18.750201 
   8.880000   98.833508   33.117959    0.583265  -18.756450 
   8.890000   98.839341   32.930395    0.580349  -18.762668 
   8.900000   98.845144   32.742768    0.577447  -18.768855 
   8.910000   98.850918   32.555079    0.574560  -18.775010 
   8.920000   98.856664   32.367329    0.571687  -18.781135 
   8.930000   98.862381   32.179518    0.568828  -18.787230 
   8.940000   98.868069   31.991646    0.565984  -18.793293 
   8.950000   98.873729   31.803713    0.563154  -18.799327 
   8.960000   98.879361   31.615720    0.560339  -18.805330 
   8.970000   98.884964   31.427666    0.557537  -18.811304 
   8.980000   98.890539   31.239553    0.554749  -18.817247 
   8.990000   98.896087   31.051381    0.551975  -18.823161 
   9.000000   98.901607   30.863149    0.549216  -18.829045 
   9.010000   98.907099   30.674859    0.546469  -18.834900 
   9.020000   98.912563   30.486510    0.543737  -18.840725 
   9.030000   98.918001   30.298102    0.541018  -18.846522 
   9.040000   98.923411   30.109637    0.538313  -18.852289 
   9.050000   98.928794   29.921114    0.535622  -18.858028 
   9.060000   98.934150   29.732534    0.532944  -18.863738 
   9.070000   98.939480   29.543897    0.530279  -18.869419 
   9.080000   98.944783   29.355202    0.527628  -18.875072 
   9.090000   98.950059   29.166452    0.524989  -18.880696 
   9.100000   98.955309   28.977645    0.522364  -18.886293 
   9.110000   98.960532   28.788782    0.519753  -18.891861 
   9.120000   98.965730   28.599863    0.517154  -18.897402 
   9.130000   98.970901   28.410889    0.514568  -18.902915 
   9.140000   98.976047   28.221860    0.511995  -18.908401 
   9.150000   98.981167   28.032776    0.509435  -18.913859 
   9.160000   98.986261   27.843637    0.506888  -18.919289 
   9.170000   98.991330   27.654445    0.504354  -18.924693 
   9.180000   98.996374   27.465198    0.501832  -18.930069 
   9.190000   99.001392   27.275897    0.499323  -18.935419 
   9.200000   99.006385   27.086543    0.496826  -18.940742 
   9.210000   99.011354   26.897135    0.494342  -18.946038 
   9.220000   99.016297   26.707675    0.491870  -18.951308 
   9.230000   99.021216   26.518162    0.489411  -18.956551 
   9.240000   99.026110   26.328596    0.486964  -18.961769 
   9.250000   99.030980   26.138979    0.484529  -18.966960 
   9.260000   99.035825   25.949309    0.482106  -18.972125 
   9.270000   99.040646   25.759588    0.479696  -18.977264 
   9.280000   99.045443   25.569815    0.477297  -18.982378 
   9.290000   99.050216   25.379991    0.474911  -18.987466 
   9.300000   99.054965   25.190117    0.472536  -18.992529 
   9.310000   99.059690   25.000191    0.470174  -18.997566 
   9.320000   99.064392   24.810216    0.467823  -19.002578 
   9.330000   99.069070   24.620190    0.465484  -19.007566 
   9.340000   99.073725   24.430114    0.463156  -19.012528 
   9.350000   99.078357   24.239989    0.460841  -19.017465 
   9.360000   99.082965   24.049814    0.458536  -19.022378 
   9.370000   99.087550   23.859591    0.456244  -19.027266 
   9.380000   99.092113   23.669318    0.453962  -19.032130 
   9.390000   99.096653   23.478997    0.451693  -19.036969 
   9.400000   99.101169   23.288627    0.449434  -19.041784 
   9.410000   99.105664   23.098209    0.447187  -19.046575 
   9.420000   99.110136   22.907743    0.444951  -19.051342 
   9.430000   99.114585   22.717230    0.442726  -19.056086 
   9.440000   99.119012   22.526669    0.440513  -19.060805 
   9.450000   99.123418   22.336061    0.438310  -19.065501 
   9.460000   99.127801   22.145406    0.436119  -19.070174 
   9.470000   99.132162   21.954704    0.433938  -19.074823 
   9.480000   99.136501   21.763956    0.431768  -19.079449 
   9.490000   99.140819   21.573162    0.429609  -19.084051 
   9.500000   99.145115   21.382321    0.427461  -19.088631 
   9.510000   99.149390   21.191435    0.425324  -19.093188 
   9.520000   99.153643   21.000503    0.423197  -19.097722 
   9.530000   99.157875   20.809526    0.421081  -19.102233 
   9.540000   99.162086   20.618503    0.418976  -19.106722 
   9.550000   99.166275   20.427436    0.416881  -19.111189 
   9.560000   99.170444   20.236324    0.414797  -19.115633 
   9.570000   99.174592   20.045168    0.412723  -19.120054 
   9.580000   99.178719   19.853967    0.410659  -19.124454 
   9.590000   99.182826   19.662723    0.408606  -19.128832 
   9.600000   99.186912   19.471435    0.406563  -19.133188 
   9.610000   99.190978   19.280103    0.404530  -19.137522 
   9.620000   99.195023   19.088727    0.402507  -19.141834 
   9.630000   99.199048   18.897309    0.400495  -19.146125 
   9.640000   99.203053   18.705848    0.398492  -19.150394 
   9.650000   99.207038   18.514344    0.396500  -19.154642 
   9.660000   99.211003   18.322797    0.394517  -19.158869 
   9.670000   99.214948   18.131209    0.392545  -19.163075 
   9.680000   99.218874   17.939578    0.390582  -19.167260 
   9.690000   99.222779   17.747905    0.388629  -19.171423 
   9.700000   99.226666   17.556191    0.386686  -19.175566 
   9.710000   99.230533   17.364436    0.384753  -19.179688 
   9.720000   99.234380   17.172639    0.382829  -19.183790 
   9.730000   99.238208   16.980801    0.380915  -19.187871 
   9.740000   99.242017   16.788922    0.379010  -19.191932 
   9.750000   99.245808   16.597003    0.377115  -19.195972 
   9.760000   99.249579   16.405043    0.375230  -19.199992 
   9.770000   99.253331   16.213043    0.373353  -19.203992 
   9.780000   99.257065   16.021003    0.371487  -19.207972 
   9.790000   99.260779   15.828923    0.369629  -19.211932 
   9.800000   99.264476   15.636804    0.367781  -19.215873 
   9.810000   99.268154   15.444645    0.365942  -19.219793 
   9.820000   99.271813   15.252447    0.364112  -19.223694 
   9.830000   99.275454   15.060211    0.362292  -19.227576 
   9.840000   99.279077   14.867935    0.360480  -19.231438 
   9.850000   99.282682   14.675620    0.358678  -19.235281 
   9.860000   99.286269   14.483268    0.356885  -19.239104 
   9.870000   99.289837   14.290877    0.355100  -19.242909 
   9.880000   99.293388   14.098447    0.353325  -19.246694 
   9.890000   99.296922   13.905981    0.351558  -19.250461 
   9.900000   99.300437   13.713476    0.349800  -19.254208 
   9.910000   99.303935   13.520934    0.348051  -19.257937 
   9.920000   99.307416   13.328354    0.346311  -19.261648 
   9.930000   99.310879   13.135738    0.344579  -19.265339 
   9.940000   99.314325   12.943085    0.342857  -19.269013 
   9.950000   99.317753   12.750394    0.341142  -19.272668 
   9.960000   99.321165   12.557668    0.339437  -19.276304 
   9.970000   99.324559   12.364905    0.337739  -19.279923 
   9.980000   99.327936   12.172105    0.336051  -19.283523 
   9.990000   99.331297   11.979270    0.334370  -19.287106 
  10.000000   99.334641   11.786399    0.332699  -19.290670 
  10.010000   99.337968   11.593493    0.331035  -19.294217 
  10.020000   99.341278   11.400550    0.329380  -19.297746 
  10.030000   99.344572   11.207573    0.327733  -19.301257 
  10.040000   99.347849   11.014560    0.326094  -19.304751 
  10.050000   99.351110   10.821513    0.324464  -19.308227 
  10.060000   99.354355   10.628431    0.322842  -19.311686 
  10.070000   99.357583   10.435314    0.321227  -19.315127 
  10.080000   99.360795   10.242162    0.319621  -19.318552 
  10.090000   99.363992   10.048977    0.318023  -19.321959 
  10.100000   99.367172    9.855757    0.316433  -19.325349 
  10.110000   99.370336    9.662504    0.314851  -19.328722 
  10.120000   99.373485    9.469217    0.313277  -19.332079 
  10.130000   99.376617    9.275896    0.311710  -19.335418 
  10.140000   99.379735    9.082542    0.310152  -19.338741 
  10.150000   99.382836    8.889154    0.308601  -19.342048 
  10.160000   99.385922    8.695734    0.307058  -19.345337 
  10.170000   99.388993    8.502280    0.305523  -19.348611 
  10.180000   99.392048    8.308794    0.303995  -19.351868 
  10.190000   99.395088    8.115276    0.302475  -19.355108 
  10.200000   99.398113    7.921724    0.300963  -19.358333 
  10.210000   99.401122    7.728141    0.299458  -19.361541 
  10.220000   99.404117    7.534526    0.297960  -19.364733 
  10.230000   99.407096    7.340878    0.296471  -19.367910 
  10.240000   99.410061    7.147199    0.294988  -19.371070 
  10.250000   99.413011    6.953489    0.293513  -19.374215 
  10.260000   99.415946    6.759746    0.292046  -19.377344 
  10.270000   99.418867    6.565973    0.290586  -19.380457 
  10.280000   99.421772    6.372168    0.289133  -19.383555 
  10.290000   99.424664    6.178333    0.287687  -19.386637 
  10.300000   99.427541    5.984467    0.286249  -19.389704 
  10.310000   99.430403    5.790569    0.284817  -19.392755 
  10.320000   99.433251    5.596642    0.283393  -19.395791 
  10.330000   99.436085    5.402684    0.281976  -19.398813 
  10.340000   99.438905    5.208696    0.280566  -19.401818 
  10.350000   99.441711    5.014678    0.279164  -19.404809 
  10.360000   99.444502    4.820630    0.277768  -19.407785 
  10.370000   99.447280    4.626552    0.276379  -19.410746 
  10.380000   99.450044    4.432444    0.274997  -19.413693 
  10.390000   99.452794    4.238307    0.273622  -19.416624 
  10.400000   99.455530    4.044141    0.272254  -19.419541 
  10.410000   99.458252    3.849946    0.270893  -19.422443 
  10.420000   99.460961    3.655721    0.269538  -19.425331 
  10.430000   99.463657    3.461468    0.268190  -19.428205 
  10.440000   99.466339    3.267186    0.266850  -19.431063 
  10.450000   99.469007    3.072875    0.265515  -19.433908 
  10.460000   99.471662    2.878536    0.264188  -19.436739 
  10.470000   99.474304    2.684169    0.262867  -19.439555 
  10.480000   99.476933    2.489773    0.261552  -19.442357 
  10.490000   99.479548    2.295350    0.260245  -19.445145 
  10.500000   99.482151    2.100898    0.258943  -19.447920 
  10.510000   99.484740    1.906419    0.257649  -19.450680 
  10.520000   99.487317    1.711912    0.256361  -19.453427 
  10.530000   99.489880    1.517378    0.255079  -19.456160 
  10.540000   99.492431    1.322816    0.253803  -19.458879 
  10.550000   99.494969    1.128228    0.252534  -19.461584 
  10.560000   99.497494    0.933612    0.251272  -19.464276 
  10.570000   99.500007    0.738969    0.250015  -19.466955 
  10.580000   99.502507    0.544299    0.248765  -19.469620 
  10.590000   99.504995    0.349603    0.247521  -19.472272 
  10.600000   99.507470    0.154881    0.246284  -19.474911 
