   0.000000    0.000000    0.000000   50.000019   86.602529 
   0.010000    0.500000    0.866025   49.600019   85.809709 
   0.020000    0.996000    1.724122   49.203219   85.023232 
   0.030000    1.488033    2.574355   48.809593   84.243046 
   0.040000    1.976128    3.416785   48.419116   83.469101 
   0.050000    2.460320    4.251476   48.031763   82.701349 
   0.060000    2.940637    5.078490   47.647509   81.939738 
   0.070000    3.417112    5.897887   47.266329   81.184220 
   0.080000    3.889776    6.709729   46.888198   80.434746 
   0.090000    4.358658    7.514077   46.513093   79.691268 
   0.100000    4.823789    8.310989   46.140988   78.953738 
   0.110000    5.285198    9.100527   45.771860   78.222108 
   0.120000    5.742917    9.882748   45.405685   77.496331 
   0.130000    6.196974   10.657711   45.042440   76.776361 
   0.140000    6.647398   11.425475   44.682100   76.062150 
   0.150000    7.094219   12.186096   44.324643   75.353652 
   0.160000    7.537466   12.939633   43.970046   74.650823 
   0.170000    7.977166   13.686141   43.618286   73.953617 
   0.180000    8.413349   14.425677   43.269340   73.261988 
   0.190000    8.846042   15.158297   42.923185   72.575892 
   0.200000    9.275274   15.884056   42.579799   71.895285 
   0.210000    9.701072   16.603009   42.239161   71.220122 
   0.220000   10.123464   17.315210   41.901248   70.550361 
   0.230000   10.542476   18.020714   41.566038   69.885959 
   0.240000   10.958137   18.719573   41.233509   69.226871 
   0.250000   11.370472   19.411842   40.903641   68.573056 
   0.260000   11.779508   20.097573   40.576412   67.924471 
   0.270000   12.185272   20.776817   40.251801   67.281076 
   0.280000   12.587790   21.449628   39.929787   66.642827 
   0.290000   12.987088   22.116056   39.610348   66.009684 
   0.300000   13.383192   22.776153   39.293465   65.381607 
   0.310000   13.776126   23.429969   38.979118   64.758554 
   0.320000   14.165918   24.077555   38.667285   64.140486 
   0.330000   14.552590   24.718960   38.357947   63.527362 
   0.340000   14.936170   25.354233   38.051083   62.919143 
   0.350000   15.316681   25.983425   37.746674   62.315790 
   0.360000   15.694147   26.606583   37.444701   61.717263 
   0.370000   16.068594   27.223755   37.145143   61.123525 
   0.380000   16.440046   27.834990   36.847982   60.534537 
   0.390000   16.808526   28.440336   36.553198   59.950261 
   0.400000   17.174058   29.039838   36.260773   59.370659 
   0.410000   17.536665   29.633545   35.970687   58.795694 
   0.420000   17.896372   30.221502   35.682921   58.225328 
   0.430000   18.253202   30.803755   35.397458   57.659525 
   0.440000   18.607176   31.380350   35.114278   57.098249 
   0.450000   18.958319   31.951333   34.833364   56.541463 
   0.460000   19.306653   32.516748   34.554697   55.989131 
   0.470000   19.652199   33.076639   34.278259   55.441218 
   0.480000   19.994982   33.631051   34.004033   54.897689 
   0.490000   20.335022   34.180028   33.732001   54.358507 
   0.500000   20.672342   34.723613   33.462145   53.823639 
   0.510000   21.006964   35.261849   33.194448   53.293050 
   0.520000   21.338908   35.794780   32.928892   52.766706 
   0.530000   21.668197   36.322447   32.665461   52.244572 
   0.540000   21.994852   36.844893   32.404137   51.726615 
   0.550000   22.318893   37.362159   32.144904   51.212802 
   0.560000   22.640342   37.874287   31.887745   50.703100 
   0.570000   22.959220   38.381318   31.632643   50.197475 
   0.580000   23.275546   38.883293   31.379582   49.695895 
   0.590000   23.589342   39.380252   31.128545   49.198328 
   0.600000   23.900627   39.872235   30.879517   48.704742 
   0.610000   24.209423   40.359282   30.632481   48.215104 
   0.620000   24.515747   40.841433   30.387421   47.729383 
   0.630000   24.819622   41.318727   30.144322   47.247548 
   0.640000   25.121065   41.791203   29.903167   46.769567 
   0.650000   25.420097   42.258898   29.663942   46.295411 
   0.660000   25.716736   42.721852   29.426630   45.825048 
   0.670000   26.011002   43.180103   29.191217   45.358447 
   0.680000   26.302914   43.633687   28.957687   44.895580 
   0.690000   26.592491   44.082643   28.726026   44.436415 
   0.700000   26.879752   44.527007   28.496218   43.980924 
   0.710000   27.164714   44.966817   28.268248   43.529076 
   0.720000   27.447396   45.402107   28.042102   43.080844 
   0.730000   27.727817   45.832916   27.817765   42.636197 
   0.740000   28.005995   46.259278   27.595223   42.195107 
   0.750000   28.281947   46.681229   27.374461   41.757546 
   0.760000   28.555692   47.098804   27.155466   41.323486 
   0.770000   28.827246   47.512039   26.938222   40.892898 
   0.780000   29.096629   47.920968   26.722716   40.465755 
   0.790000   29.363856   48.325626   26.508934   40.042029 
   0.800000   29.628945   48.726046   26.296863   39.621693 
   0.810000   29.891914   49.122263   26.086488   39.204719 
   0.820000   30.152779   49.514310   25.877796   38.791081 
   0.830000   30.411557   49.902221   25.670774   38.380753 
   0.840000   30.668264   50.286028   25.465407   37.973707 
   0.850000   30.922918   50.665765   25.261684   37.569917 
   0.860000   31.175535   51.041465   25.059591   37.169358 
   0.870000   31.426131   51.413158   24.859114   36.772003 
   0.880000   31.674722   51.780878   24.660241   36.377827 
   0.890000   31.921325   52.144656   24.462959   35.986804 
   0.900000   32.165954   52.504525   24.267255   35.598910 
   0.910000   32.408627   52.860514   24.073117   35.214119 
   0.920000   32.649358   53.212655   23.880532   34.832406 
   0.930000   32.888163   53.560979   23.689488   34.453746 
   0.940000   33.125058   53.905516   23.499972   34.078116 
   0.950000   33.360058   54.246297   23.311973   33.705491 
   0.960000   33.593178   54.583352   23.125477   33.335848 
   0.970000   33.824432   54.916711   22.940473   32.969161 
   0.980000   34.053837   55.246402   22.756949   32.605407 
   0.990000   34.281407   55.572457   22.574894   32.244564 
   1.000000   34.507156   55.894902   22.394294   31.886608 
   1.010000   34.731099   56.213768   22.215140   31.531515 
   1.020000   34.953250   56.529083   22.037419   31.179263 
   1.030000   35.173624   56.840876   21.861120   30.829829 
   1.040000   35.392235   57.149174   21.686231   30.483190 
   1.050000   35.609098   57.454006   21.512741   30.139324 
   1.060000   35.824225   57.755399   21.340639   29.798210 
   1.070000   36.037631   58.053382   21.169914   29.459824 
   1.080000   36.249331   58.347980   21.000554   29.124146 
   1.090000   36.459336   58.639221   20.832550   28.791152 
   1.100000   36.667662   58.927133   20.665890   28.460823 
   1.110000   36.874320   59.211741   20.500562   28.133137 
   1.120000   37.079326   59.493072   20.336558   27.808072 
   1.130000   37.282692   59.771153   20.173866   27.485607 
   1.140000   37.484430   60.046009   20.012475   27.165722 
   1.150000   37.684555   60.317666   19.852375   26.848396 
   1.160000   37.883079   60.586150   19.693556   26.533609 
   1.170000   38.080014   60.851486   19.536007   26.221340 
   1.180000   38.275374   61.113700   19.379719   25.911570 
   1.190000   38.469172   61.372816   19.224682   25.604277 
   1.200000   38.661418   61.628858   19.070884   25.299443 
   1.210000   38.852127   61.881853   18.918317   24.997047 
   1.220000   39.041310   62.131823   18.766970   24.697071 
   1.230000   39.228980   62.378794   18.616835   24.399494 
   1.240000   39.415149   62.622789   18.467900   24.104298 
   1.250000   39.599828   62.863832   18.320157   23.811464 
   1.260000   39.783029   63.101947   18.173596   23.520972 
   1.270000   39.964765   63.337156   18.028207   23.232804 
   1.280000   40.145047   63.569484   17.883981   22.946942 
   1.290000   40.323887   63.798954   17.740909   22.663367 
   1.300000   40.501296   64.025587   17.598982   22.382060 
   1.310000   40.677286   64.249408   17.458190   22.103003 
   1.320000   40.851868   64.470438   17.318525   21.826179 
   1.330000   41.025053   64.688700   17.179976   21.551570 
   1.340000   41.196853   64.904215   17.042537   21.279157 
   1.350000   41.367278   65.117007   16.906196   21.008924 
   1.360000   41.536340   65.327096   16.770947   20.740852 
   1.370000   41.704050   65.534505   16.636779   20.474926 
   1.380000   41.870417   65.739254   16.503685   20.211126 
   1.390000   42.035454   65.941365   16.371656   19.949437 
   1.400000   42.199171   66.140860   16.240682   19.689842 
   1.410000   42.361578   66.337758   16.110757   19.432323 
   1.420000   42.522685   66.532081   15.981871   19.176864 
   1.430000   42.682504   66.723850   15.854016   18.923449 
   1.440000   42.841044   66.913085   15.727184   18.672062 
   1.450000   42.998316   67.099805   15.601366   18.422685 
   1.460000   43.154330   67.284032   15.476555   18.175304 
   1.470000   43.309095   67.465785   15.352743   17.929901 
   1.480000   43.462622   67.645084   15.229921   17.686462 
   1.490000   43.614922   67.821949   15.108082   17.444971 
   1.500000   43.766003   67.996398   14.987217   17.205411 
   1.510000   43.915875   68.168452   14.867319   16.967768 
   1.520000   44.064548   68.338130   14.748381   16.732025 
   1.530000   44.212032   68.505450   14.630394   16.498169 
   1.540000   44.358336   68.670432   14.513350   16.266184 
   1.550000   44.503469   68.833094   14.397244   16.036054 
   1.560000   44.647442   68.993454   14.282066   15.807766 
   1.570000   44.790262   69.151532   14.167809   15.581304 
   1.580000   44.931940   69.307345   14.054467   15.356653 
   1.590000   45.072485   69.460912   13.942031   15.133800 
   1.600000   45.211905   69.612250   13.830495   14.912730 
   1.610000   45.350210   69.761377   13.719851   14.693428 
   1.620000   45.487409   69.908311   13.610092   14.475880 
   1.630000   45.623510   70.053070   13.501211   14.260073 
   1.640000   45.758522   70.195671   13.393201   14.045993 
   1.650000   45.892454   70.336131   13.286056   13.833625 
   1.660000   46.025314   70.474467   13.179767   13.622956 
   1.670000   46.157112   70.610697   13.074329   13.413972 
   1.680000   46.287855   70.744836   12.969735   13.206660 
   1.690000   46.417553   70.876903   12.865977   13.001007 
   1.700000   46.546212   71.006913   12.763049   12.796999 
   1.710000   46.673843   71.134883   12.660945   12.594623 
   1.720000   46.800452   71.260829   12.559657   12.393866 
   1.730000   46.926049   71.384768   12.459180   12.194715 
   1.740000   47.050641   71.506715   12.359506   11.997157 
   1.750000   47.174236   71.626687   12.260630   11.801180 
   1.760000   47.296842   71.744698   12.162545   11.606771 
   1.770000   47.418468   71.860766   12.065245   11.413917 
   1.780000   47.539120   71.974905   11.968723   11.222605 
   1.790000   47.658807   72.087131   11.872973   11.032824 
   1.800000   47.777537   72.197460   11.777989   10.844562 
   1.810000   47.895317   72.305905   11.683765   10.657805 
   1.820000   48.012154   72.412483   11.590295   10.472543 
   1.830000   48.128057   72.517209   11.497573   10.288763 
   1.840000   48.243033   72.620096   11.405592   10.106452 
   1.850000   48.357089   72.721161   11.314348    9.925601 
   1.860000   48.470233   72.820417   11.223833    9.746196 
   1.870000   48.582471   72.917879   11.134042    9.568226 
   1.880000   48.693811   73.013561   11.044970    9.391681 
   1.890000   48.804261   73.107478   10.956610    9.216547 
   1.900000   48.913827   73.199643   10.868957    9.042815 
   1.910000   49.022517   73.290071   10.782006    8.870472 
   1.920000   49.130337   73.378776   10.695749    8.699509 
   1.930000   49.237294   73.465771   10.610183    8.529912 
   1.940000   49.343396   73.551070   10.525302    8.361673 
   1.950000   49.448649   73.634687   10.441100    8.194780 
   1.960000   49.553060   73.716635   10.357571    8.029222 
   1.970000   49.656636   73.796927   10.274710    7.864988 
   1.980000   49.759383   73.875577   10.192513    7.702068 
   1.990000   49.861308   73.952598   10.110972    7.540451 
   2.000000   49.962418   74.028002   10.030085    7.380128 
   2.010000   50.062719   74.101803    9.949844    7.221087 
   2.020000   50.162217   74.174014    9.870245    7.063318 
   2.030000   50.260919   74.244648    9.791283    6.906811 
   2.040000   50.358832   74.313716    9.712953    6.751557 
   2.050000   50.455962   74.381231    9.635249    6.597545 
   2.060000   50.552314   74.447207    9.558167    6.444764 
   2.070000   50.647896   74.511654    9.481702    6.293206 
   2.080000   50.742713   74.574586    9.405848    6.142860 
   2.090000   50.836772   74.636015    9.330602    5.993718 
   2.100000   50.930078   74.695952    9.255957    5.845768 
   2.110000   51.022637   74.754410    9.181909    5.699002 
   2.120000   51.114456   74.811400    9.108454    5.553410 
   2.130000   51.205541   74.866934    9.035586    5.408982 
   2.140000   51.295897   74.921024    8.963302    5.265710 
   2.150000   51.385530   74.973681    8.891595    5.123585 
   2.160000   51.474446   75.024917    8.820462    4.982596 
   2.170000   51.562650   75.074743    8.749899    4.842735 
   2.180000   51.650149   75.123170    8.679900    4.703993 
   2.190000   51.736948   75.170210    8.610460    4.566362 
   2.200000   51.823053   75.215874    8.541577    4.429831 
   2.210000   51.908469   75.260172    8.473244    4.294392 
   2.220000   51.993201   75.303116    8.405458    4.160037 
   2.230000   52.077256   75.344716    8.338214    4.026757 
   2.240000   52.160638   75.384984    8.271509    3.894543 
   2.250000   52.243353   75.423929    8.205337    3.763386 
   2.260000   52.325406   75.461563    8.139694    3.633279 
   2.270000   52.406803   75.497896    8.074576    3.504213 
   2.280000   52.487549   75.532938    8.009980    3.376179 
   2.290000   52.567649   75.566700    7.945900    3.249170 
   2.300000   52.647108   75.599191    7.882333    3.123176 
   2.310000   52.725931   75.630423    7.819274    2.998191 
   2.320000   52.804124   75.660405    7.756720    2.874205 
   2.330000   52.881691   75.689147    7.694666    2.751212 
   2.340000   52.958638   75.716659    7.633109    2.629202 
   2.350000   53.034969   75.742951    7.572044    2.508168 
   2.360000   53.110689   75.768033    7.511468    2.388103 
   2.370000   53.185804   75.791914    7.451376    2.268998 
   2.380000   53.260318   75.814604    7.391765    2.150846 
   2.390000   53.334235   75.836112    7.332631    2.033640 
   2.400000   53.407562   75.856449    7.273970    1.917370 
   2.410000   53.480301   75.875623    7.215778    1.802031 
   2.420000   53.552459   75.893643    7.158052    1.687615 
   2.430000   53.624040   75.910519    7.100787    1.574114 
   2.440000   53.695047   75.926260    7.043981    1.461521 
   2.450000   53.765487   75.940875    6.987629    1.349829 
   2.460000   53.835363   75.954374    6.931728    1.239031 
   2.470000   53.904681   75.966764    6.876274    1.129118 
   2.480000   53.973443   75.978055    6.821264    1.020085 
   2.490000   54.041656   75.988256    6.766694    0.911925 
   2.500000   54.109323   75.997375    6.712560    0.804629 
   2.510000   54.176449   76.005422    6.658860    0.698192 
   2.520000   54.243037   76.012403    6.605589    0.592607 
   2.530000   54.309093   76.018330    6.552744    0.487866 
   2.540000   54.374621   76.023208    6.500322    0.383963 
   2.550000   54.439624   76.027048    6.448320    0.280891 
   2.560000   54.504107   76.029857    6.396733    0.178644 
   2.570000   54.568074   76.031643    6.345559    0.077215 
   2.580000   54.631530   76.032415    6.294795   -0.023403 
   2.590000   54.694478   76.032181    6.244437   -0.123216 
   2.600000   54.756922   76.030949    6.194481   -0.222230 
   2.610000   54.818867   76.028727    6.144925   -0.320452 
   2.620000   54.880316   76.025522    6.095766   -0.417888 
   2.630000   54.941274   76.021343    6.047000   -0.514545 
   2.640000   55.001744   76.016198    5.998624   -0.610429 
   2.650000   55.061730   76.010094    5.950635   -0.705545 
   2.660000   55.121237   76.003038    5.903030   -0.799901 
   2.670000   55.180267   75.995039    5.855805   -0.893502 
   2.680000   55.238825   75.986104    5.808959   -0.986354 
   2.690000   55.296915   75.976241    5.762487   -1.078463 
   2.700000   55.354539   75.965456    5.716387   -1.169835 
   2.710000   55.411703   75.953758    5.670656   -1.260477 
   2.720000   55.468410   75.941153    5.625291   -1.350393 
   2.730000   55.524663   75.927649    5.580289   -1.439590 
   2.740000   55.580466   75.913253    5.535646   -1.528073 
   2.750000   55.635822   75.897972    5.491361   -1.615848 
   2.760000   55.690736   75.881814    5.447430   -1.702922 
   2.770000   55.745210   75.864785    5.403851   -1.789298 
   2.780000   55.799249   75.846892    5.360620   -1.874984 
   2.790000   55.852855   75.828142    5.317735   -1.959984 
   2.800000   55.906032   75.808542    5.275193   -2.044304 
   2.810000   55.958784   75.788099    5.232992   -2.127950 
   2.820000   56.011114   75.766819    5.191128   -2.210926 
   2.830000   56.063025   75.744710    5.149599   -2.293239 
   2.840000   56.114521   75.721778    5.108402   -2.374893 
   2.850000   56.165605   75.698029    5.067535   -2.455894 
   2.860000   56.216281   75.673470    5.026994   -2.536246 
   2.870000   56.266550   75.648107    4.986778   -2.615957 
   2.880000   56.316418   75.621948    4.946884   -2.695029 
   2.890000   56.365887   75.594998    4.907309   -2.773469 
   2.900000   56.414960   75.567263    4.868051   -2.851281 
   2.910000   56.463641   75.538750    4.829106   -2.928471 
   2.920000   56.511932   75.509465    4.790473   -3.005043 
   2.930000   56.559837   75.479415    4.752150   -3.081003 
   2.940000   56.607358   75.448605    4.714132   -3.156354 
   2.950000   56.654499   75.417041    4.676419   -3.231104 
   2.960000   56.701264   75.384730    4.639008   -3.305255 
   2.970000   56.747654   75.351678    4.601896   -3.378813 
   2.980000   56.793673   75.317890    4.565081   -3.451782 
   2.990000   56.839323   75.283372    4.528560   -3.524168 
   3.000000   56.884609   75.248130    4.492332   -3.595975 
   3.010000   56.929532   75.212170    4.456393   -3.667207 
   3.020000   56.974096   75.175498    4.420742   -3.737869 
   3.030000   57.018304   75.138120    4.385376   -3.807966 
   3.040000   57.062157   75.100040    4.350293   -3.877503 
   3.050000   57.105660   75.061265    4.315491   -3.946483 
   3.060000   57.148815   75.021800    4.280967   -4.014911 
   3.070000   57.191625   74.981651    4.246719   -4.082791 
   3.080000   57.234092   74.940823    4.212745   -4.150129 
   3.090000   57.276220   74.899322    4.179043   -4.216928 
   3.100000   57.318010   74.857153    4.145611   -4.283193 
   3.110000   57.359466   74.814321    4.112446   -4.348927 
   3.120000   57.400591   74.770831    4.079546   -4.414136 
   3.130000   57.441386   74.726690    4.046910   -4.478823 
   3.140000   57.481855   74.681902    4.014535   -4.542992 
   3.150000   57.522000   74.636472    3.982419   -4.606648 
   3.160000   57.561825   74.590405    3.950559   -4.669795 
   3.170000   57.601330   74.543707    3.918955   -4.732436 
   3.180000   57.640520   74.496383    3.887603   -4.794577 
   3.190000   57.679396   74.448437    3.856502   -4.856220 
   3.200000   57.717961   74.399875    3.825650   -4.917371 
   3.210000   57.756217   74.350701    3.795045   -4.978032 
   3.220000   57.794168   74.300921    3.764685   -5.038207 
   3.230000   57.831815   74.250539    3.734567   -5.097902 
   3.240000   57.869160   74.199560    3.704691   -5.157119 
   3.250000   57.906207   74.147989    3.675053   -5.215862 
   3.260000   57.942958   74.095830    3.645653   -5.274135 
   3.270000   57.979414   74.043089    3.616487   -5.331942 
   3.280000   58.015579   73.989769    3.587556   -5.389286 
   3.290000   58.051455   73.935877    3.558855   -5.446172 
   3.300000   58.087043   73.881415    3.530384   -5.502602 
   3.310000   58.122347   73.826389    3.502141   -5.558582 
   3.320000   58.157369   73.770803    3.474124   -5.614113 
   3.330000   58.192110   73.714662    3.446331   -5.669200 
   3.340000   58.226573   73.657970    3.418760   -5.723846 
   3.350000   58.260761   73.600731    3.391410   -5.778056 
   3.360000   58.294675   73.542951    3.364279   -5.831831 
   3.370000   58.328318   73.484633    3.337365   -5.885177 
   3.380000   58.361691   73.425781    3.310666   -5.938095 
   3.390000   58.394798   73.366400    3.284181   -5.990590 
   3.400000   58.427640   73.306494    3.257907   -6.042666 
   3.410000   58.460219   73.246067    3.231844   -6.094324 
   3.420000   58.492537   73.185124    3.205989   -6.145570 
   3.430000   58.524597   73.123668    3.180341   -6.196405 
   3.440000   58.556400   73.061704    3.154898   -6.246834 
   3.450000   58.587949   72.999236    3.129659   -6.296859 
   3.460000   58.619246   72.936267    3.104622   -6.346484 
   3.470000   58.650292   72.872803    3.079785   -6.395713 
   3.480000   58.681090   72.808845    3.055147   -6.444547 
   3.490000   58.711642   72.744400    3.030706   -6.492990 
   3.500000   58.741949   72.679470    3.006460   -6.541047 
   3.510000   58.772013   72.614060    2.982408   -6.588718 
   3.520000   58.801837   72.548172    2.958549   -6.636008 
   3.530000   58.831423   72.481812    2.934881   -6.682920 
   3.540000   58.860772   72.414983    2.911402   -6.729457 
   3.550000   58.889886   72.347689    2.888110   -6.775621 
   3.560000   58.918767   72.279932    2.865005   -6.821416 
   3.570000   58.947417   72.211718    2.842085   -6.866845 
   3.580000   58.975838   72.143050    2.819349   -6.911910 
   3.590000   59.004031   72.073931    2.796794   -6.956615 
   3.600000   59.031999   72.004364    2.774420   -7.000962 
   3.610000   59.059743   71.934355    2.752224   -7.044954 
   3.620000   59.087266   71.863905    2.730206   -7.088595 
   3.630000   59.114568   71.793019    2.708365   -7.131886 
   3.640000   59.141651   71.721700    2.686698   -7.174831 
   3.650000   59.168518   71.649952    2.665204   -7.217432 
   3.660000   59.195170   71.577778    2.643883   -7.259693 
   3.670000   59.221609   71.505181    2.622732   -7.301615 
   3.680000   59.247836   71.432165    2.601750   -7.343202 
   3.690000   59.273854   71.358733    2.580936   -7.384457 
   3.700000   59.299663   71.284888    2.560288   -7.425381 
   3.710000   59.325266   71.210634    2.539806   -7.465978 
   3.720000   59.350664   71.135975    2.519488   -7.506250 
   3.730000   59.375859   71.060912    2.499332   -7.546200 
   3.740000   59.400852   70.985450    2.479337   -7.585831 
   3.750000   59.425646   70.909592    2.459502   -7.625144 
   3.760000   59.450241   70.833340    2.439826   -7.664143 
   3.770000   59.474639   70.756699    2.420308   -7.702830 
   3.780000   59.498842   70.679671    2.400945   -7.741207 
   3.790000   59.522852   70.602259    2.381738   -7.779277 
   3.800000   59.546669   70.524466    2.362684   -7.817043 
   3.810000   59.570296   70.446295    2.343782   -7.854507 
   3.820000   59.593734   70.367750    2.325032   -7.891671 
   3.830000   59.616984   70.288834    2.306432   -7.928537 
   3.840000   59.640048   70.209548    2.287980   -7.965109 
   3.850000   59.662928   70.129897    2.269676   -8.001388 
   3.860000   59.685625   70.049883    2.251519   -8.037377 
   3.870000   59.708140   69.969509    2.233507   -8.073078 
   3.880000   59.730475   69.888779    2.215639   -8.108493 
   3.890000   59.752631   69.807694    2.197914   -8.143625 
   3.900000   59.774611   69.726257    2.180330   -8.178476 
   3.910000   59.796414   69.644473    2.162888   -8.213049 
   3.920000   59.818043   69.562342    2.145585   -8.247344 
   3.930000   59.839499   69.479869    2.128420   -8.281366 
   3.940000   59.860783   69.397055    2.111393   -8.315115 
   3.950000   59.881897   69.313904    2.094501   -8.348594 
   3.960000   59.902842   69.230418    2.077745   -8.381805 
   3.970000   59.923619   69.146600    2.061123   -8.414751 
   3.980000   59.944230   69.062452    2.044635   -8.447433 
   3.990000   59.964677   68.977978    2.028277   -8.479853 
   4.000000   59.984960   68.893180    2.012051   -8.512014 
   4.010000   60.005080   68.808059    1.995955   -8.543918 
   4.020000   60.025040   68.722620    1.979987   -8.575567 
   4.030000   60.044840   68.636865    1.964147   -8.606962 
   4.040000   60.064481   68.550795    1.948434   -8.638107 
   4.050000   60.083965   68.464414    1.932847   -8.669002 
   4.060000   60.103294   68.377724    1.917384   -8.699650 
   4.070000   60.122468   68.290727    1.902045   -8.730052 
   4.080000   60.141488   68.203427    1.886828   -8.760212 
   4.090000   60.160356   68.115825    1.871734   -8.790130 
   4.100000   60.179074   68.027923    1.856760   -8.819809 
   4.110000   60.197641   67.939725    1.841906   -8.849251 
   4.120000   60.216060   67.851233    1.827171   -8.878457 
   4.130000   60.234332   67.762448    1.812553   -8.907429 
   4.140000   60.252458   67.673374    1.798053   -8.936170 
   4.150000   60.270438   67.584012    1.783668   -8.964680 
   4.160000   60.288275   67.494366    1.769399   -8.992963 
   4.170000   60.305969   67.404436    1.755244   -9.021019 
   4.180000   60.323521   67.314226    1.741202   -9.048851 
   4.190000   60.340933   67.223737    1.727272   -9.076460 
   4.200000   60.358206   67.132973    1.713454   -9.103849 
   4.210000   60.375341   67.041934    1.699746   -9.131018 
   4.220000   60.392338   66.950624    1.686148   -9.157970 
   4.230000   60.409199   66.859044    1.672659   -9.184706 
   4.240000   60.425926   66.767197    1.659278   -9.211228 
   4.250000   60.442519   66.675085    1.646004   -9.237538 
   4.260000   60.458979   66.582710    1.632836   -9.263638 
   4.270000   60.475307   66.490073    1.619773   -9.289529 
   4.280000   60.491505   66.397178    1.606815   -9.315213 
   4.290000   60.507573   66.304026    1.593960   -9.340691 
   4.300000   60.523513   66.210619    1.581209   -9.365966 
   4.310000   60.539325   66.116959    1.568559   -9.391038 
   4.320000   60.555010   66.023049    1.556011   -9.415910 
   4.330000   60.570570   65.928890    1.543562   -9.440582 
   4.340000   60.586006   65.834484    1.531214   -9.465058 
   4.350000   60.601318   65.739833    1.518964   -9.489337 
   4.360000   60.616508   65.644940    1.506813   -9.513422 
   4.370000   60.631576   65.549806    1.494758   -9.537315 
   4.380000   60.646524   65.454433    1.482800   -9.561017 
   4.390000   60.661352   65.358822    1.470938   -9.584528 
   4.400000   60.676061   65.262977    1.459170   -9.607852 
   4.410000   60.690653   65.166899    1.447497   -9.630989 
   4.420000   60.705128   65.070589    1.435917   -9.653941 
   4.430000   60.719487   64.974049    1.424429   -9.676710 
   4.440000   60.733731   64.877282    1.413034   -9.699296 
   4.450000   60.747861   64.780289    1.401730   -9.721702 
   4.460000   60.761879   64.683072    1.390516   -9.743928 
   4.470000   60.775784   64.585633    1.379392   -9.765977 
   4.480000   60.789578   64.487973    1.368357   -9.787849 
   4.490000   60.803261   64.390095    1.357410   -9.809546 
   4.500000   60.816835   64.291999    1.346550   -9.831070 
   4.510000   60.830301   64.193688    1.335778   -9.852421 
   4.520000   60.843659   64.095164    1.325092   -9.873602 
   4.530000   60.856910   63.996428    1.314491   -9.894613 
   4.540000   60.870055   63.897482    1.303975   -9.915456 
   4.550000   60.883094   63.798328    1.293543   -9.936133 
   4.560000   60.896030   63.698966    1.283195   -9.956643 
   4.570000   60.908862   63.599400    1.272929   -9.976990 
   4.580000   60.921591   63.499630    1.262746   -9.997174 
   4.590000   60.934218   63.399658    1.252644  -10.017197 
   4.600000   60.946745   63.299486    1.242623  -10.037059 
   4.610000   60.959171   63.199116    1.232682  -10.056763 
   4.620000   60.971498   63.098548    1.222820  -10.076309 
   4.630000   60.983726   62.997785    1.213038  -10.095698 
   4.640000   60.995857   62.896828    1.203334  -10.114933 
   4.650000   61.007890   62.795679    1.193707  -10.134013 
   4.660000   61.019827   62.694338    1.184157  -10.152941 
   4.670000   61.031669   62.592809    1.174684  -10.171718 
   4.680000   61.043415   62.491092    1.165287  -10.190344 
   4.690000   61.055068   62.389188    1.155964  -10.208821 
   4.700000   61.066628   62.287100    1.146717  -10.227151 
   4.710000   61.078095   62.184829    1.137543  -10.245333 
   4.720000   61.089470   62.082375    1.128442  -10.263371 
   4.730000   61.100755   61.979742    1.119415  -10.281264 
   4.740000   61.111949   61.876929    1.110460  -10.299014 
   4.750000   61.123054   61.773939    1.101576  -10.316622 
   4.760000   61.134069   61.670773    1.092763  -10.334089 
   4.770000   61.144997   61.567432    1.084021  -10.351416 
   4.780000   61.155837   61.463918    1.075349  -10.368605 
   4.790000   61.166591   61.360232    1.066746  -10.385656 
   4.800000   61.177258   61.256375    1.058212  -10.402570 
   4.810000   61.187840   61.152349    1.049747  -10.419350 
   4.820000   61.198338   61.048156    1.041349  -10.435995 
   4.830000   61.208751   60.943796    1.033018  -10.452507 
   4.840000   61.219081   60.839271    1.024754  -10.468887 
   4.850000   61.229329   60.734582    1.016556  -10.485136 
   4.860000   61.239495   60.629731    1.008423  -10.501255 
   4.870000   61.249579   60.524718    1.000356  -10.517245 
   4.880000   61.259582   60.419546    0.992353  -10.533107 
   4.890000   61.269506   60.314214    0.984414  -10.548842 
   4.900000   61.279350   60.208726    0.976539  -10.564451 
   4.910000   61.289115   60.103082    0.968727  -10.579936 
   4.920000   61.298803   59.997282    0.960977  -10.595296 
   4.930000   61.308412   59.891329    0.953289  -10.610534 
   4.940000   61.317945   59.785224    0.945663  -10.625650 
   4.950000   61.327402   59.678967    0.938097  -10.640644 
   4.960000   61.336783   59.572561    0.930593  -10.655519 
   4.970000   61.346089   59.466006    0.923148  -10.670275 
   4.980000   61.355320   59.359303    0.915763  -10.684913 
   4.990000   61.364478   59.252454    0.908436  -10.699434 
   5.000000   61.373562   59.145460    0.901169  -10.713838 
   5.010000   61.382574   59.038321    0.893960  -10.728127 
   5.020000   61.391514   58.931040    0.886808  -10.742302 
   5.030000   61.400382   58.823617    0.879714  -10.756364 
   5.040000   61.409179   58.716053    0.872676  -10.770313 
   5.050000   61.417906   58.608350    0.865694  -10.784151 
   5.060000   61.426563   58.500509    0.858769  -10.797877 
   5.070000   61.435150   58.392530    0.851899  -10.811494 
   5.080000   61.443669   58.284415    0.845084  -10.825002 
   5.090000   61.452120   58.176165    0.838323  -10.838402 
   5.100000   61.460503   58.067781    0.831616  -10.851695 
   5.110000   61.468819   57.959264    0.824963  -10.864882 
   5.120000   61.477069   57.850615    0.818364  -10.877963 
   5.130000   61.485253   57.741835    0.811817  -10.890939 
   5.140000   61.493371   57.632926    0.805322  -10.903811 
   5.150000   61.501424   57.523888    0.798880  -10.916581 
   5.160000   61.509413   57.414722    0.792489  -10.929248 
   5.170000   61.517338   57.305430    0.786149  -10.941814 
   5.180000   61.525199   57.196011    0.779859  -10.954280 
   5.190000   61.532998   57.086469    0.773621  -10.966645 
   5.200000   61.540734   56.976802    0.767432  -10.978912 
   5.210000   61.548408   56.867013    0.761292  -10.991081 
   5.220000   61.556021   56.757102    0.755202  -11.003152 
   5.230000   61.563573   56.647071    0.749160  -11.015127 
   5.240000   61.571065   56.536919    0.743167  -11.027006 
   5.250000   61.578497   56.426649    0.737222  -11.038790 
   5.260000   61.585869   56.316262    0.731324  -11.050480 
   5.270000   61.593182   56.205757    0.725473  -11.062076 
   5.280000   61.600437   56.095136    0.719669  -11.073579 
   5.290000   61.607633   55.984400    0.713912  -11.084991 
   5.300000   61.614773   55.873550    0.708201  -11.096311 
   5.310000   61.621855   55.762587    0.702535  -11.107540 
   5.320000   61.628880   55.651512    0.696915  -11.118680 
   5.330000   61.635849   55.540325    0.691340  -11.129730 
   5.340000   61.642762   55.429028    0.685809  -11.140693 
   5.350000   61.649621   55.317621    0.680322  -11.151567 
   5.360000   61.656424   55.206105    0.674880  -11.162355 
   5.370000   61.663173   55.094482    0.669481  -11.173056 
   5.380000   61.669867   54.982751    0.664125  -11.183671 
   5.390000   61.676509   54.870914    0.658812  -11.194202 
   5.400000   61.683097   54.758972    0.653541  -11.204648 
   5.410000   61.689632   54.646926    0.648313  -11.215011 
   5.420000   61.696115   54.534776    0.643127  -11.225291 
   5.430000   61.702547   54.422523    0.637982  -11.235489 
   5.440000   61.708926   54.310168    0.632878  -11.245605 
   5.450000   61.715255   54.197712    0.627815  -11.255640 
   5.460000   61.721533   54.085155    0.622792  -11.265595 
   5.470000   61.727761   53.972499    0.617810  -11.275470 
   5.480000   61.733939   53.859745    0.612867  -11.285266 
   5.490000   61.740068   53.746892    0.607964  -11.294984 
   5.500000   61.746148   53.633942    0.603101  -11.304624 
   5.510000   61.752179   53.520896    0.598276  -11.314187 
   5.520000   61.758161   53.407754    0.593490  -11.323674 
   5.530000   61.764096   53.294517    0.588742  -11.333084 
   5.540000   61.769984   53.181187    0.584032  -11.342420 
   5.550000   61.775824   53.067762    0.579360  -11.351680 
   5.560000   61.781618   52.954246    0.574725  -11.360867 
   5.570000   61.787365   52.840637    0.570127  -11.369980 
   5.580000   61.793066   52.726937    0.565566  -11.379020 
   5.590000   61.798722   52.613147    0.561041  -11.387988 
   5.600000   61.804332   52.499267    0.556553  -11.396884 
   5.610000   61.809898   52.385298    0.552101  -11.405709 
   5.620000   61.815419   52.271241    0.547684  -11.414463 
   5.630000   61.820896   52.157096    0.543302  -11.423148 
   5.640000   61.826329   52.042865    0.538956  -11.431762 
   5.650000   61.831718   51.928547    0.534644  -11.440308 
   5.660000   61.837065   51.814144    0.530367  -11.448786 
   5.670000   61.842368   51.699656    0.526124  -11.457196 
   5.680000   61.847630   51.585084    0.521915  -11.465538 
   5.690000   61.852849   51.470429    0.517740  -11.473814 
   5.700000   61.858026   51.355691    0.513598  -11.482023 
   5.710000   61.863162   51.240871    0.509489  -11.490167 
   5.720000   61.868257   51.125969    0.505413  -11.498246 
   5.730000   61.873311   51.010987    0.501370  -11.506260 
   5.740000   61.878325   50.895924    0.497359  -11.514210 
   5.750000   61.883298   50.780782    0.493380  -11.522096 
   5.760000   61.888232   50.665561    0.489433  -11.529919 
   5.770000   61.893127   50.550262    0.485518  -11.537680 
   5.780000   61.897982   50.434885    0.481633  -11.545378 
   5.790000   61.902798   50.319431    0.477780  -11.553015 
   5.800000   61.907576   50.203901    0.473958  -11.560591 
   5.810000   61.912315   50.088295    0.470167  -11.568107 
   5.820000   61.917017   49.972614    0.466405  -11.575562 
   5.830000   61.921681   49.856858    0.462674  -11.582957 
   5.840000   61.926308   49.741029    0.458973  -11.590294 
   5.850000   61.930898   49.625126    0.455301  -11.597571 
   5.860000   61.935451   49.509150    0.451658  -11.604791 
   5.870000   61.939967   49.393102    0.448045  -11.611952 
   5.880000   61.944448   49.276983    0.444461  -11.619057 
   5.890000   61.948892   49.160792    0.440905  -11.626104 
   5.900000   61.953301   49.044531    0.437378  -11.633095 
   5.910000   61.957675   48.928200    0.433879  -11.640031 
   5.920000   61.962014   48.811800    0.430408  -11.646910 
   5.930000   61.966318   48.695331    0.426964  -11.653735 
   5.940000   61.970588   48.578793    0.423549  -11.660505 
   5.950000   61.974823   48.462188    0.420160  -11.667221 
   5.960000   61.979025   48.345516    0.416799  -11.673883 
   5.970000   61.983193   48.228777    0.413465  -11.680492 
   5.980000   61.987327   48.111972    0.410157  -11.687048 
   5.990000   61.991429   47.995102    0.406876  -11.693552 
   6.000000   61.995498   47.878166    0.403621  -11.700004 
   6.010000   61.999534   47.761166    0.400392  -11.706404 
   6.020000   62.003538   47.644102    0.397189  -11.712752 
   6.030000   62.007510   47.526975    0.394011  -11.719050 
   6.040000   62.011450   47.409784    0.390859  -11.725298 
   6.050000   62.015358   47.292531    0.387732  -11.731496 
   6.060000   62.019236   47.175216    0.384630  -11.737644 
   6.070000   62.023082   47.057840    0.381553  -11.743742 
   6.080000   62.026898   46.940402    0.378501  -11.749792 
   6.090000   62.030683   46.822905    0.375473  -11.755794 
   6.100000   62.034437   46.705347    0.372469  -11.761748 
   6.110000   62.038162   46.587729    0.369489  -11.767654 
   6.120000   62.041857   46.470053    0.366533  -11.773513 
   6.130000   62.045522   46.352317    0.363601  -11.779324 
   6.140000   62.049158   46.234524    0.360692  -11.785090 
   6.150000   62.052765   46.116673    0.357807  -11.790809 
   6.160000   62.056343   45.998765    0.354944  -11.796483 
   6.170000   62.059893   45.880800    0.352105  -11.802111 
   6.180000   62.063414   45.762779    0.349288  -11.807694 
   6.190000   62.066907   45.644702    0.346494  -11.813232 
   6.200000   62.070372   45.526570    0.343722  -11.818727 
   6.210000   62.073809   45.408383    0.340972  -11.824177 
   6.220000   62.077218   45.290141    0.338244  -11.829583 
   6.230000   62.080601   45.171845    0.335538  -11.834947 
   6.240000   62.083956   45.053496    0.332854  -11.840267 
   6.250000   62.087285   44.935093    0.330191  -11.845545 
   6.260000   62.090587   44.816638    0.327549  -11.850781 
   6.270000   62.093862   44.698130    0.324929  -11.855974 
   6.280000   62.097111   44.579570    0.322330  -11.861127 
   6.290000   62.100335   44.460959    0.319751  -11.866238 
   6.300000   62.103532   44.342296    0.317193  -11.871308 
   6.310000   62.106704   44.223583    0.314655  -11.876337 
   6.320000   62.109851   44.104820    0.312138  -11.881326 
   6.330000   62.112972   43.986007    0.309641  -11.886276 
   6.340000   62.116069   43.867144    0.307164  -11.891186 
   6.350000   62.119140   43.748232    0.304707  -11.896056 
   6.360000   62.122187   43.629271    0.302269  -11.900888 
   6.370000   62.125210   43.510263    0.299851  -11.905681 
   6.380000   62.128208   43.391206    0.297452  -11.910435 
   6.390000   62.131183   43.272101    0.295072  -11.915152 
   6.400000   62.134134   43.152950    0.292712  -11.919830 
   6.410000   62.137061   43.033752    0.290370  -11.924472 
   6.420000   62.139965   42.914507    0.288047  -11.929076 
   6.430000   62.142845   42.795216    0.285743  -11.933643 
   6.440000   62.145702   42.675880    0.283457  -11.938174 
   6.450000   62.148537   42.556498    0.281189  -11.942669 
   6.460000   62.151349   42.437071    0.278940  -11.947128 
   6.470000   62.154138   42.317600    0.276708  -11.951551 
   6.480000   62.156905   42.198085    0.274495  -11.955938 
   6.490000   62.159650   42.078525    0.272299  -11.960291 
   6.500000   62.162373   41.958922    0.270120  -11.964608 
   6.510000   62.165075   41.839276    0.267959  -11.968891 
   6.520000   62.167754   41.719587    0.265816  -11.973140 
   6.530000   62.170412   41.599856    0.263689  -11.977355 
   6.540000   62.173049   41.480082    0.261580  -11.981536 
   6.550000   62.175665   41.360267    0.259487  -11.985684 
   6.560000   62.178260   41.240410    0.257411  -11.989799 
   6.570000   62.180834   41.120512    0.255352  -11.993880 
   6.580000   62.183387   41.000573    0.253309  -11.997929 
   6.590000   62.185921   40.880594    0.251282  -12.001946 
   6.600000   62.188433   40.760575    0.249272  -12.005930 
   6.610000   62.190926   40.640515    0.247278  -12.009883 
   6.620000   62.193399   40.520416    0.245300  -12.013804 
   6.630000   62.195852   40.400278    0.243337  -12.017693 
   6.640000   62.198285   40.280101    0.241391  -12.021552 
   6.650000   62.200699   40.159886    0.239460  -12.025379 
   6.660000   62.203094   40.039632    0.237544  -12.029176 
   6.670000   62.205469   39.919340    0.235644  -12.032943 
   6.680000   62.207826   39.799011    0.233758  -12.036679 
   6.690000   62.210163   39.678644    0.231888  -12.040386 
   6.700000   62.212482   39.558240    0.230033  -12.044063 
   6.710000   62.214782   39.437800    0.228193  -12.047710 
   6.720000   62.217064   39.317323    0.226367  -12.051329 
   6.730000   62.219328   39.196809    0.224556  -12.054918 
   6.740000   62.221574   39.076260    0.222760  -12.058479 
   6.750000   62.223801   38.955675    0.220978  -12.062011 
   6.760000   62.226011   38.835055    0.219210  -12.065515 
   6.770000   62.228203   38.714400    0.217456  -12.068991 
   6.780000   62.230378   38.593710    0.215717  -12.072439 
   6.790000   62.232535   38.472986    0.213991  -12.075859 
   6.800000   62.234675   38.352227    0.212279  -12.079252 
   6.810000   62.236798   38.231435    0.210581  -12.082618 
   6.820000   62.238903   38.110608    0.208896  -12.085957 
   6.830000   62.240992   37.989749    0.207225  -12.089270 
   6.840000   62.243065   37.868856    0.205567  -12.092555 
   6.850000   62.245120   37.747931    0.203923  -12.095815 
   6.860000   62.247159   37.626972    0.202291  -12.099049 
   6.870000   62.249182   37.505982    0.200673  -12.102256 
   6.880000   62.251189   37.384959    0.199068  -12.105438 
   6.890000   62.253180   37.263905    0.197475  -12.108595 
   6.900000   62.255154   37.142819    0.195895  -12.111726 
   6.910000   62.257113   37.021702    0.194328  -12.114832 
   6.920000   62.259057   36.900554    0.192773  -12.117913 
   6.930000   62.260984   36.779374    0.191231  -12.120970 
   6.940000   62.262897   36.658165    0.189701  -12.124002 
   6.950000   62.264794   36.536925    0.188184  -12.127010 
   6.960000   62.266676   36.415655    0.186678  -12.129994 
   6.970000   62.268542   36.294355    0.185185  -12.132954 
   6.980000   62.270394   36.173025    0.183703  -12.135891 
   6.990000   62.272231   36.051666    0.182234  -12.138803 
   7.000000   62.274054   35.930278    0.180776  -12.141693 
   7.010000   62.275861   35.808861    0.179330  -12.144559 
   7.020000   62.277655   35.687416    0.177895  -12.147403 
   7.030000   62.279434   35.565942    0.176472  -12.150224 
   7.040000   62.281198   35.444439    0.175060  -12.153022 
   7.050000   62.282949   35.322909    0.173660  -12.155798 
   7.060000   62.284686   35.201351    0.172270  -12.158551 
   7.070000   62.286408   35.079766    0.170892  -12.161283 
   7.080000   62.288117   34.958153    0.169525  -12.163993 
   7.090000   62.289812   34.836513    0.168169  -12.166681 
   7.100000   62.291494   34.714846    0.166824  -12.169347 
   7.110000   62.293162   34.593153    0.165489  -12.171993 
   7.120000   62.294817   34.471433    0.164165  -12.174617 
   7.130000   62.296459   34.349687    0.162852  -12.177220 
   7.140000   62.298087   34.227914    0.161549  -12.179802 
   7.150000   62.299703   34.106116    0.160257  -12.182364 
   7.160000   62.301305   33.984293    0.158974  -12.184905 
   7.170000   62.302895   33.862444    0.157703  -12.187425 
   7.180000   62.304472   33.740569    0.156441  -12.189926 
   7.190000   62.306037   33.618670    0.155190  -12.192407 
   7.200000   62.307589   33.496746    0.153948  -12.194867 
   7.210000   62.309128   33.374797    0.152716  -12.197308 
   7.220000   62.310655   33.252824    0.151495  -12.199730 
   7.230000   62.312170   33.130827    0.150283  -12.202132 
   7.240000   62.313673   33.008806    0.149080  -12.204515 
   7.250000   62.315164   32.886761    0.147888  -12.206879 
   7.260000   62.316643   32.764692    0.146705  -12.209224 
   7.270000   62.318110   32.642599    0.145531  -12.211550 
   7.280000   62.319565   32.520484    0.144367  -12.213858 
   7.290000   62.321009   32.398345    0.143212  -12.216147 
   7.300000   62.322441   32.276184    0.142066  -12.218418 
   7.310000   62.323861   32.154000    0.140930  -12.220670 
   7.320000   62.325271   32.031793    0.139802  -12.222905 
   7.330000   62.326669   31.909564    0.138684  -12.225122 
   7.340000   62.328056   31.787313    0.137574  -12.227321 
   7.350000   62.329431   31.665040    0.136474  -12.229502 
   7.360000   62.330796   31.542745    0.135382  -12.231666 
   7.370000   62.332150   31.420428    0.134299  -12.233813 
   7.380000   62.333493   31.298090    0.133225  -12.235942 
   7.390000   62.334825   31.175730    0.132159  -12.238055 
   7.400000   62.336147   31.053350    0.131101  -12.240150 
   7.410000   62.337458   30.930948    0.130053  -12.242229 
   7.420000   62.338758   30.808526    0.129012  -12.244291 
   7.430000   62.340048   30.686083    0.127980  -12.246337 
   7.440000   62.341328   30.563620    0.126956  -12.248366 
   7.450000   62.342598   30.441136    0.125941  -12.250379 
   7.460000   62.343857   30.318632    0.124933  -12.252376 
   7.470000   62.345107   30.196108    0.123934  -12.254357 
   7.480000   62.346346   30.073565    0.122942  -12.256322 
   7.490000   62.347575   29.951002    0.121959  -12.258272 
   7.500000   62.348795   29.828419    0.120983  -12.260206 
   7.510000   62.350005   29.705817    0.120015  -12.262124 
   7.520000   62.351205   29.583196    0.119055  -12.264027 
   7.530000   62.352395   29.460555    0.118103  -12.265915 
   7.540000   62.353576   29.337896    0.117158  -12.267788 
   7.550000   62.354748   29.215218    0.116220  -12.269645 
   7.560000   62.355910   29.092522    0.115291  -12.271488 
   7.570000   62.357063   28.969807    0.114368  -12.273316 
   7.580000   62.358207   28.847074    0.113453  -12.275130 
   7.590000   62.359341   28.724323    0.112546  -12.276929 
   7.600000   62.360467   28.601553    0.111645  -12.278713 
   7.610000   62.361583   28.478766    0.110752  -12.280483 
   7.620000   62.362691   28.355961    0.109866  -12.282240 
   7.630000   62.363789   28.233139    0.108987  -12.283982 
   7.640000   62.364879   28.110299    0.108115  -12.285710 
   7.650000   62.365960   27.987442    0.107251  -12.287424 
   7.660000   62.367033   27.864568    0.106393  -12.289125 
   7.670000   62.368097   27.741677    0.105541  -12.290812 
   7.680000   62.369152   27.618768    0.104697  -12.292485 
   7.690000   62.370199   27.495844    0.103859  -12.294145 
   7.700000   62.371238   27.372902    0.103029  -12.295792 
   7.710000   62.372268   27.249944    0.102204  -12.297426 
   7.720000   62.373290   27.126970    0.101387  -12.299046 
   7.730000   62.374304   27.003979    0.100576  -12.300654 
   7.740000   62.375310   26.880973    0.099771  -12.302249 
   7.750000   62.376308   26.757950    0.098973  -12.303831 
   7.760000   62.377297   26.634912    0.098181  -12.305400 
   7.770000   62.378279   26.511858    0.097396  -12.306957 
   7.780000   62.379253   26.388789    0.096616  -12.308501 
   7.790000   62.380219   26.265704    0.095844  -12.310033 
   7.800000   62.381178   26.142603    0.095077  -12.311553 
   7.810000   62.382128   26.019488    0.094316  -12.313061 
   7.820000   62.383072   25.896357    0.093562  -12.314556 
   7.830000   62.384007   25.773212    0.092813  -12.316040 
   7.840000   62.384935   25.650051    0.092071  -12.317511 
   7.850000   62.385856   25.526876    0.091334  -12.318971 
   7.860000   62.386769   25.403686    0.090603  -12.320420 
   7.870000   62.387675   25.280482    0.089879  -12.321856 
   7.880000   62.388574   25.157264    0.089160  -12.323281 
   7.890000   62.389466   25.034031    0.088446  -12.324695 
   7.900000   62.390350   24.910784    0.087739  -12.326098 
   7.910000   62.391228   24.787523    0.087037  -12.327489 
   7.920000   62.392098   24.664248    0.086340  -12.328869 
   7.930000   62.392961   24.540959    0.085650  -12.330238 
   7.940000   62.393818   24.417657    0.084965  -12.331596 
   7.950000   62.394668   24.294341    0.084285  -12.332943 
   7.960000   62.395510   24.171011    0.083611  -12.334280 
   7.970000   62.396346   24.047669    0.082942  -12.335605 
   7.980000   62.397176   23.924313    0.082278  -12.336921 
   7.990000   62.397999   23.800943    0.081620  -12.338225 
   8.000000   62.398815   23.677561    0.080967  -12.339519 
   8.010000   62.399625   23.554166    0.080319  -12.340803 
   8.020000   62.400428   23.430758    0.079677  -12.342077 
   8.030000   62.401224   23.307337    0.079039  -12.343340 
   8.040000   62.402015   23.183904    0.078407  -12.344594 
   8.050000   62.402799   23.060458    0.077780  -12.345837 
   8.060000   62.403577   22.936999    0.077157  -12.347070 
   8.070000   62.404348   22.813529    0.076540  -12.348294 
   8.080000   62.405114   22.690046    0.075928  -12.349507 
   8.090000   62.405873   22.566551    0.075320  -12.350711 
   8.100000   62.406626   22.443044    0.074718  -12.351905 
   8.110000   62.407373   22.319525    0.074120  -12.353090 
   8.120000   62.408115   22.195994    0.073527  -12.354265 
   8.130000   62.408850   22.072451    0.072939  -12.355431 
   8.140000   62.409579   21.948897    0.072355  -12.356588 
   8.150000   62.410303   21.825331    0.071777  -12.357735 
   8.160000   62.411021   21.701753    0.071202  -12.358873 
   8.170000   62.411733   21.578165    0.070633  -12.360002 
   8.180000   62.412439   21.454565    0.070068  -12.361122 
   8.190000   62.413140   21.330953    0.069507  -12.362233 
   8.200000   62.413835   21.207331    0.068951  -12.363335 
   8.210000   62.414524   21.083698    0.068400  -12.364429 
   8.220000   62.415208   20.960054    0.067852  -12.365513 
   8.230000   62.415887   20.836398    0.067309  -12.366589 
   8.240000   62.416560   20.712732    0.066771  -12.367657 
   8.250000   62.417228   20.589056    0.066237  -12.368715 
   8.260000   62.417890   20.465369    0.065707  -12.369766 
   8.270000   62.418547   20.341671    0.065181  -12.370807 
   8.280000   62.419199   20.217963    0.064660  -12.371841 
   8.290000   62.419845   20.094245    0.064143  -12.372866 
   8.300000   62.420487   19.970516    0.063629  -12.373883 
   8.310000   62.421123   19.846777    0.063120  -12.374892 
   8.320000   62.421754   19.723028    0.062615  -12.375893 
   8.330000   62.422380   19.599269    0.062115  -12.376886 
   8.340000   62.423002   19.475500    0.061618  -12.377871 
   8.350000   62.423618   19.351722    0.061125  -12.378848 
   8.360000   62.424229   19.227933    0.060636  -12.379817 
   8.370000   62.424835   19.104135    0.060151  -12.380779 
   8.380000   62.425437   18.980327    0.059669  -12.381732 
   8.390000   62.426034   18.856510    0.059192  -12.382678 
   8.400000   62.426625   18.732683    0.058718  -12.383617 
   8.410000   62.427213   18.608847    0.058249  -12.384548 
   8.420000   62.427795   18.485002    0.057783  -12.385472 
   8.430000   62.428373   18.361147    0.057320  -12.386388 
   8.440000   62.428946   18.237283    0.056862  -12.387297 
   8.450000   62.429515   18.113410    0.056407  -12.388198 
   8.460000   62.430079   17.989528    0.055956  -12.389093 
   8.470000   62.430638   17.865637    0.055508  -12.389980 
   8.480000   62.431194   17.741737    0.055064  -12.390860 
   8.490000   62.431744   17.617829    0.054624  -12.391733 
   8.500000   62.432290   17.493911    0.054187  -12.392600 
   8.510000   62.432832   17.369985    0.053753  -12.393459 
   8.520000   62.433370   17.246051    0.053323  -12.394311 
   8.530000   62.433903   17.122108    0.052896  -12.395157 
   8.540000   62.434432   16.998156    0.052473  -12.395995 
   8.550000   62.434957   16.874196    0.052053  -12.396827 
   8.560000   62.435477   16.750228    0.051637  -12.397653 
   8.570000   62.435994   16.626251    0.051224  -12.398472 
   8.580000   62.436506   16.502267    0.050814  -12.399284 
   8.590000   62.437014   16.378274    0.050408  -12.400090 
   8.600000   62.437518   16.254273    0.050004  -12.400889 
   8.610000   62.438018   16.130264    0.049604  -12.401682 
   8.620000   62.438514   16.006247    0.049208  -12.402468 
   8.630000   62.439006   15.882222    0.048814  -12.403248 
   8.640000   62.439494   15.758190    0.048423  -12.404022 
   8.650000   62.439979   15.634150    0.048036  -12.404790 
   8.660000   62.440459   15.510102    0.047652  -12.405552 
   8.670000   62.440935   15.386046    0.047270  -12.406308 
   8.680000   62.441408   15.261983    0.046892  -12.407057 
   8.690000   62.441877   15.137913    0.046517  -12.407801 
   8.700000   62.442342   15.013835    0.046145  -12.408538 
   8.710000   62.442804   14.889749    0.045776  -12.409270 
   8.720000   62.443262   14.765657    0.045410  -12.409996 
   8.730000   62.443716   14.641557    0.045046  -12.410716 
   8.740000   62.444166   14.517449    0.044686  -12.411430 
   8.750000   62.444613   14.393335    0.044329  -12.412139 
   8.760000   62.445056   14.269214    0.043974  -12.412842 
   8.770000   62.445496   14.145085    0.043622  -12.413539 
   8.780000   62.445932   14.020950    0.043273  -12.414230 
   8.790000   62.446365   13.896808    0.042927  -12.414917 
   8.800000   62.446794   13.772659    0.042584  -12.415597 
   8.810000   62.447220   13.648503    0.042243  -12.416273 
   8.820000   62.447642   13.524340    0.041905  -12.416942 
   8.830000   62.448061   13.400170    0.041570  -12.417607 
   8.840000   62.448477   13.275994    0.041237  -12.418266 
   8.850000   62.448890   13.151812    0.040907  -12.418920 
   8.860000   62.449299   13.027622    0.040580  -12.419568 
   8.870000   62.449704   12.903427    0.040255  -12.420212 
   8.880000   62.450107   12.779225    0.039933  -12.420850 
   8.890000   62.450506   12.655016    0.039614  -12.421483 
   8.900000   62.450902   12.530801    0.039297  -12.422112 
   8.910000   62.451295   12.406580    0.038983  -12.422735 
   8.920000   62.451685   12.282353    0.038671  -12.423353 
   8.930000   62.452072   12.158119    0.038361  -12.423966 
   8.940000   62.452456   12.033880    0.038054  -12.424574 
   8.950000   62.452836   11.909634    0.037750  -12.425178 
   8.960000   62.453214   11.785382    0.037448  -12.425776 
   8.970000   62.453588   11.661124    0.037148  -12.426370 
   8.980000   62.453960   11.536861    0.036851  -12.426959 
   8.990000   62.454328   11.412591    0.036556  -12.427543 
   9.000000   62.454694   11.288316    0.036264  -12.428123 
   9.010000   62.455056   11.164034    0.035974  -12.428698 
   9.020000   62.455416   11.039747    0.035686  -12.429268 
   9.030000   62.455773   10.915455    0.035401  -12.429834 
   9.040000   62.456127   10.791156    0.035117  -12.430396 
   9.050000   62.456478   10.666852    0.034836  -12.430952 
   9.060000   62.456826   10.542543    0.034558  -12.431505 
   9.070000   62.457172   10.418228    0.034281  -12.432053 
   9.080000   62.457515   10.293907    0.034007  -12.432596 
   9.090000   62.457855   10.169581    0.033735  -12.433136 
   9.100000   62.458192   10.045250    0.033465  -12.433671 
   9.110000   62.458527    9.920913    0.033197  -12.434201 
   9.120000   62.458859    9.796571    0.032932  -12.434728 
   9.130000   62.459188    9.672224    0.032668  -12.435250 
   9.140000   62.459515    9.547872    0.032407  -12.435768 
   9.150000   62.459839    9.423514    0.032148  -12.436282 
   9.160000   62.460160    9.299151    0.031891  -12.436791 
   9.170000   62.460479    9.174783    0.031635  -12.437297 
   9.180000   62.460796    9.050410    0.031382  -12.437799 
   9.190000   62.461109    8.926032    0.031131  -12.438296 
   9.200000   62.461421    8.801649    0.030882  -12.438790 
   9.210000   62.461730    8.677261    0.030635  -12.439280 
   9.220000   62.462036    8.552869    0.030390  -12.439765 
   9.230000   62.462340    8.428471    0.030147  -12.440247 
   9.240000   62.462641    8.304068    0.029906  -12.440725 
   9.250000   62.462940    8.179661    0.029667  -12.441199 
   9.260000   62.463237    8.055249    0.029429  -12.441670 
   9.270000   62.463531    7.930832    0.029194  -12.442136 
   9.280000   62.463823    7.806411    0.028960  -12.442599 
   9.290000   62.464113    7.681985    0.028729  -12.443059 
   9.300000   62.464400    7.557555    0.028499  -12.443514 
   9.310000   62.464685    7.433119    0.028271  -12.443966 
   9.320000   62.464968    7.308680    0.028045  -12.444414 
   9.330000   62.465248    7.184236    0.027820  -12.444859 
   9.340000   62.465527    7.059787    0.027598  -12.445300 
   9.350000   62.465803    6.935334    0.027377  -12.445738 
   9.360000   62.466076    6.810877    0.027158  -12.446172 
   9.370000   62.466348    6.686415    0.026941  -12.446602 
   9.380000   62.466617    6.561949    0.026725  -12.447030 
   9.390000   62.466885    6.437479    0.026511  -12.447453 
   9.400000   62.467150    6.313004    0.026299  -12.447874 
   9.410000   62.467413    6.188525    0.026089  -12.448291 
   9.420000   62.467674    6.064042    0.025880  -12.448704 
   9.430000   62.467932    5.939555    0.025673  -12.449115 
   9.440000   62.468189    5.815064    0.025468  -12.449522 
   9.450000   62.468444    5.690569    0.025264  -12.449926 
   9.460000   62.468696    5.566070    0.025062  -12.450326 
   9.470000   62.468947    5.441566    0.024861  -12.450724 
   9.480000   62.469196    5.317059    0.024662  -12.451118 
   9.490000   62.469442    5.192548    0.024465  -12.451509 
   9.500000   62.469687    5.068033    0.024269  -12.451897 
   9.510000   62.469930    4.943514    0.024075  -12.452282 
   9.520000   62.470170    4.818991    0.023883  -12.452663 
   9.530000   62.470409    4.694465    0.023692  -12.453042 
   9.540000   62.470646    4.569934    0.023502  -12.453418 
   9.550000   62.470881    4.445400    0.023314  -12.453790 
   9.560000   62.471114    4.320862    0.023128  -12.454160 
   9.570000   62.471345    4.196320    0.022942  -12.454527 
   9.580000   62.471575    4.071775    0.022759  -12.454891 
   9.590000   62.471802    3.947226    0.022577  -12.455252 
   9.600000   62.472028    3.822674    0.022396  -12.455610 
   9.610000   62.472252    3.698118    0.022217  -12.455965 
   9.620000   62.472474    3.573558    0.022039  -12.456317 
   9.630000   62.472695    3.448995    0.021863  -12.456666 
   9.640000   62.472913    3.324428    0.021688  -12.457013 
   9.650000   62.473130    3.199858    0.021515  -12.457357 
   9.660000   62.473345    3.075284    0.021343  -12.457698 
   9.670000   62.473559    2.950707    0.021172  -12.458036 
   9.680000   62.473771    2.826127    0.021002  -12.458372 
   9.690000   62.473981    2.701543    0.020834  -12.458705 
   9.700000   62.474189    2.576956    0.020668  -12.459036 
   9.710000   62.474396    2.452366    0.020502  -12.459363 
   9.720000   62.474601    2.327772    0.020338  -12.459688 
   9.730000   62.474804    2.203175    0.020176  -12.460011 
   9.740000   62.475006    2.078575    0.020014  -12.460331 
   9.750000   62.475206    1.953972    0.019854  -12.460648 
   9.760000   62.475404    1.829366    0.019695  -12.460963 
   9.770000   62.475601    1.704756    0.019538  -12.461275 
   9.780000   62.475797    1.580143    0.019381  -12.461585 
   9.790000   62.475991    1.455527    0.019226  -12.461892 
   9.800000   62.476183    1.330908    0.019073  -12.462197 
   9.810000   62.476374    1.206286    0.018920  -12.462500 
   9.820000   62.476563    1.081661    0.018769  -12.462800 
   9.830000   62.476751    0.957033    0.018618  -12.463097 
   9.840000   62.476937    0.832402    0.018470  -12.463392 
   9.850000   62.477121    0.707769    0.018322  -12.463685 
   9.860000   62.477305    0.583132    0.018175  -12.463976 
   9.870000   62.477486    0.458492    0.018030  -12.464264 
   9.880000   62.477667    0.333849    0.017886  -12.464550 
   9.890000   62.477846    0.209204    0.017742  -12.464834 
   9.900000   62.478023    0.084555    0.017601  -12.465115 
