   0.000000    0.000000    0.000000   50.000019   86.602529 
   0.010000    0.500000    0.866025   49.900019   86.329324 
   0.020000    0.999000    1.729319   49.800219   86.056666 
   0.030000    1.497003    2.589885   49.700618   85.784552 
   0.040000    1.994009    3.447731   49.601217   85.512983 
   0.050000    2.490021    4.302861   49.502015   85.241957 
   0.060000    2.985041    5.155280   49.403011   84.971473 
   0.070000    3.479071    6.004995   49.304205   84.701531 
   0.080000    3.972113    6.852010   49.205596   84.432127 
   0.090000    4.464169    7.696331   49.107185   84.163263 
   0.100000    4.955241    8.537964   49.008971   83.894937 
   0.110000    5.445331    9.376913   48.910953   83.627147 
   0.120000    5.934440   10.213185   48.813131   83.359893 
   0.130000    6.422572   11.046784   48.715505   83.093173 
   0.140000    6.909727   11.877716   48.618074   82.826986 
   0.150000    7.395907   12.705985   48.520837   82.561332 
   0.160000    7.881116   13.531599   48.423796   82.296210 
   0.170000    8.365354   14.354561   48.326948   82.031617 
   0.180000    8.848623   15.174877   48.230294   81.767554 
   0.190000    9.330926   15.992553   48.133834   81.504019 
   0.200000    9.812264   16.807593   48.037566   81.241011 
   0.210000   10.292640   17.620003   47.941491   80.978529 
   0.220000   10.772055   18.429788   47.845608   80.716572 
   0.230000   11.250511   19.236954   47.749917   80.455139 
   0.240000   11.728010   20.041505   47.654417   80.194228 
   0.250000   12.204554   20.843448   47.559108   79.933840 
   0.260000   12.680146   21.642786   47.463990   79.673972 
   0.270000   13.154785   22.439526   47.369062   79.414624 
   0.280000   13.628476   23.233672   47.274324   79.155795 
   0.290000   14.101219   24.025230   47.179775   78.897484 
   0.300000   14.573017   24.814205   47.085415   78.639689 
   0.310000   15.043871   25.600602   46.991245   78.382409 
   0.320000   15.513784   26.384426   46.897262   78.125644 
   0.330000   15.982756   27.165682   46.803468   77.869393 
   0.340000   16.450791   27.944376   46.709861   77.613654 
   0.350000   16.917890   28.720513   46.616441   77.358427 
   0.360000   17.384054   29.494097   46.523208   77.103710 
   0.370000   17.849286   30.265134   46.430162   76.849503 
   0.380000   18.313588   31.033629   46.337301   76.595804 
   0.390000   18.776961   31.799587   46.244627   76.342612 
   0.400000   19.239407   32.563013   46.152137   76.089927 
   0.410000   19.700928   33.323912   46.059833   75.837747 
   0.420000   20.161527   34.082290   45.967714   75.586072 
   0.430000   20.621204   34.838151   45.875778   75.334899 
   0.440000   21.079962   35.591500   45.784027   75.084230 
   0.450000   21.537802   36.342342   45.692459   74.834061 
   0.460000   21.994726   37.090682   45.601074   74.584393 
   0.470000   22.450737   37.836526   45.509871   74.335224 
   0.480000   22.905836   38.579879   45.418852   74.086554 
   0.490000   23.360024   39.320744   45.328014   73.838381 
   0.500000   23.813304   40.059128   45.237358   73.590704 
   0.510000   24.265678   40.795035   45.146883   73.343522 
   0.520000   24.717147   41.528470   45.056589   73.096835 
   0.530000   25.167713   42.259439   44.966476   72.850642 
   0.540000   25.617378   42.987945   44.876543   72.604940 
   0.550000   26.066143   43.713994   44.786790   72.359731 
   0.560000   26.514011   44.437592   44.697217   72.115011 
   0.570000   26.960983   45.158742   44.607822   71.870781 
   0.580000   27.407061   45.877450   44.518607   71.627040 
   0.590000   27.852247   46.593720   44.429569   71.383785 
   0.600000   28.296543   47.307558   44.340710   71.141018 
   0.610000   28.739950   48.018968   44.252029   70.898736 
   0.620000   29.182470   48.727955   44.163525   70.656938 
   0.630000   29.624106   49.434525   44.075198   70.415625 
   0.640000   30.064858   50.138681   43.987047   70.174793 
   0.650000   30.504728   50.840429   43.899073   69.934444 
   0.660000   30.943719   51.539773   43.811275   69.694575 
   0.670000   31.381832   52.236719   43.723653   69.455186 
   0.680000   31.819068   52.931271   43.636205   69.216275 
   0.690000   32.255430   53.623434   43.548933   68.977843 
   0.700000   32.690920   54.313212   43.461835   68.739887 
   0.710000   33.125538   55.000611   43.374911   68.502407 
   0.720000   33.559287   55.685635   43.288161   68.265402 
   0.730000   33.992169   56.368289   43.201585   68.028872 
   0.740000   34.424184   57.048578   43.115182   67.792814 
   0.750000   34.855336   57.726506   43.028952   67.557228 
   0.760000   35.285626   58.402078   42.942894   67.322114 
   0.770000   35.715055   59.075299   42.857008   67.087470 
   0.780000   36.143625   59.746174   42.771294   66.853295 
   0.790000   36.571338   60.414707   42.685751   66.619588 
   0.800000   36.998195   61.080903   42.600380   66.386349 
   0.810000   37.424199   61.744767   42.515179   66.153576 
   0.820000   37.849351   62.406302   42.430149   65.921269 
   0.830000   38.273652   63.065515   42.345288   65.689426 
   0.840000   38.697105   63.722409   42.260598   65.458048 
   0.850000   39.119711   64.376990   42.176077   65.227132 
   0.860000   39.541472   65.029261   42.091724   64.996677 
   0.870000   39.962389   65.679228   42.007541   64.766684 
   0.880000   40.382465   66.326895   41.923526   64.537151 
   0.890000   40.801700   66.972266   41.839679   64.308076 
   0.900000   41.220097   67.615347   41.756000   64.079460 
   0.910000   41.637657   68.256141   41.672488   63.851301 
   0.920000   42.054382   68.894655   41.589143   63.623599 
   0.930000   42.470273   69.530890   41.505964   63.396351 
   0.940000   42.885333   70.164854   41.422952   63.169559 
   0.950000   43.299562   70.796550   41.340106   62.943220 
   0.960000   43.712963   71.425982   41.257426   62.717333 
   0.970000   44.125537   72.053155   41.174911   62.491898 
   0.980000   44.537287   72.678074   41.092562   62.266915 
   0.990000   44.948212   73.300743   41.010376   62.042381 
   1.000000   45.358316   73.921167   40.928356   61.818296 
   1.010000   45.767600   74.539350   40.846499   61.594659 
   1.020000   46.176064   75.155297   40.764806   61.371470 
   1.030000   46.583713   75.769011   40.683276   61.148727 
   1.040000   46.990545   76.380499   40.601910   60.926430 
   1.050000   47.396564   76.989763   40.520706   60.704577 
   1.060000   47.801771   77.596809   40.439665   60.483168 
   1.070000   48.206168   78.201640   40.358785   60.262201 
   1.080000   48.609756   78.804262   40.278068   60.041677 
   1.090000   49.012537   79.404679   40.197512   59.821594 
   1.100000   49.414512   80.002895   40.117117   59.601950 
   1.110000   49.815683   80.598915   40.036882   59.382747 
   1.120000   50.216052   81.192742   39.956809   59.163981 
   1.130000   50.615620   81.784382   39.876895   58.945653 
   1.140000   51.014389   82.373838   39.797141   58.727762 
   1.150000   51.412360   82.961116   39.717547   58.510306 
   1.160000   51.809536   83.546219   39.638112   58.293286 
   1.170000   52.205917   84.129152   39.558836   58.076699 
   1.180000   52.601505   84.709919   39.479718   57.860546 
   1.190000   52.996302   85.288524   39.400758   57.644825 
   1.200000   53.390310   85.864973   39.321957   57.429535 
   1.210000   53.783529   86.439268   39.243313   57.214676 
   1.220000   54.175963   87.011415   39.164826   57.000247 
   1.230000   54.567611   87.581417   39.086497   56.786246 
   1.240000   54.958476   88.149280   39.008324   56.572674 
   1.250000   55.348559   88.715006   38.930307   56.359528 
   1.260000   55.737862   89.278602   38.852446   56.146809 
   1.270000   56.126387   89.840070   38.774742   55.934516 
   1.280000   56.514134   90.399415   38.697192   55.722647 
   1.290000   56.901106   90.956641   38.619798   55.511201 
   1.300000   57.287304   91.511753   38.542558   55.300179 
   1.310000   57.672729   92.064755   38.465473   55.089578 
   1.320000   58.057384   92.615651   38.388542   54.879399 
   1.330000   58.441270   93.164445   38.311765   54.669640 
   1.340000   58.824387   93.711141   38.235141   54.460301 
   1.350000   59.206739   94.255744   38.158671   54.251381 
   1.360000   59.588325   94.798258   38.082354   54.042878 
   1.370000   59.969149   95.338687   38.006189   53.834792 
   1.380000   60.349211   95.877035   37.930177   53.627123 
   1.390000   60.728513   96.413306   37.854316   53.419868 
   1.400000   61.107056   96.947505   37.778608   53.213029 
   1.410000   61.484842   97.479635   37.703050   53.006602 
   1.420000   61.861872   98.009701   37.627644   52.800589 
   1.430000   62.238149   98.537707   37.552389   52.594988 
   1.440000   62.613673   99.063657   37.477284   52.389798 
   1.450000   62.988446   99.587555   37.402330   52.185019 
   1.460000   63.362469  100.109405   37.327525   51.980648 
   1.470000   63.735744  100.629212   37.252870   51.776687 
   1.480000   64.108273  101.146978   37.178364   51.573134 
   1.490000   64.480056  101.662710   37.104008   51.369988 
   1.500000   64.851097  102.176410   37.029800   51.167248 
   1.510000   65.221395  102.688082   36.955740   50.964913 
   1.520000   65.590952  103.197731   36.881828   50.762983 
   1.530000   65.959770  103.705361   36.808065   50.561457 
   1.540000   66.327851  104.210976   36.734449   50.360334 
   1.550000   66.695195  104.714579   36.660980   50.159614 
   1.560000   67.061805  105.216175   36.587658   49.959294 
   1.570000   67.427682  105.715768   36.514483   49.759376 
   1.580000   67.792827  106.213362   36.441454   49.559857 
   1.590000   68.157241  106.708960   36.368571   49.360737 
   1.600000   68.520927  107.202568   36.295834   49.162016 
   1.610000   68.883885  107.694188   36.223242   48.963692 
   1.620000   69.246118  108.183825   36.150795   48.765765 
   1.630000   69.607625  108.671482   36.078494   48.568233 
   1.640000   69.968410  109.157165   36.006337   48.371097 
   1.650000   70.328474  109.640876   35.934324   48.174354 
   1.660000   70.687817  110.122619   35.862455   47.978006 
   1.670000   71.046442  110.602399   35.790731   47.782050 
   1.680000   71.404349  111.080220   35.719149   47.586486 
   1.690000   71.761540  111.556085   35.647711   47.391313 
   1.700000   72.118017  112.029998   35.576415   47.196530 
   1.710000   72.473782  112.501963   35.505263   47.002137 
   1.720000   72.828834  112.971984   35.434252   46.808133 
   1.730000   73.183177  113.440066   35.363384   46.614516 
   1.740000   73.536811  113.906211   35.292657   46.421287 
   1.750000   73.889737  114.370424   35.222071   46.228445 
   1.760000   74.241958  114.832708   35.151627   46.035988 
   1.770000   74.593474  115.293068   35.081324   45.843916 
   1.780000   74.944287  115.751507   35.011161   45.652228 
   1.790000   75.294399  116.208030   34.941139   45.460924 
   1.800000   75.643810  116.662639   34.871257   45.270002 
   1.810000   75.992523  117.115339   34.801514   45.079462 
   1.820000   76.340538  117.566133   34.731911   44.889303 
   1.830000   76.687857  118.015027   34.662447   44.699524 
   1.840000   77.034482  118.462022   34.593123   44.510125 
   1.850000   77.380413  118.907123   34.523936   44.321105 
   1.860000   77.725652  119.350334   34.454888   44.132463 
   1.870000   78.070201  119.791659   34.385979   43.944198 
   1.880000   78.414061  120.231101   34.317207   43.756309 
   1.890000   78.757233  120.668664   34.248572   43.568797 
   1.900000   79.099719  121.104352   34.180075   43.381659 
   1.910000   79.441520  121.538168   34.111715   43.194896 
   1.920000   79.782637  121.970117   34.043492   43.008506 
   1.930000   80.123072  122.400202   33.975405   42.822489 
   1.940000   80.462826  122.828427   33.907454   42.636844 
   1.950000   80.801900  123.254796   33.839639   42.451570 
   1.960000   81.140297  123.679311   33.771960   42.266667 
   1.970000   81.478016  124.101978   33.704416   42.082134 
   1.980000   81.815060  124.522799   33.637007   41.897970 
   1.990000   82.151430  124.941779   33.569733   41.714174 
   2.000000   82.487128  125.358921   33.502593   41.530745 
   2.010000   82.822154  125.774228   33.435588   41.347684 
   2.020000   83.156510  126.187705   33.368717   41.164988 
   2.030000   83.490197  126.599355   33.301980   40.982658 
   2.040000   83.823216  127.009182   33.235376   40.800693 
   2.050000   84.155570  127.417189   33.168905   40.619092 
   2.060000   84.487259  127.823379   33.102567   40.437854 
   2.070000   84.818285  128.227758   33.036362   40.256978 
   2.080000   85.148649  128.630328   32.970289   40.076464 
   2.090000   85.478351  129.031092   32.904349   39.896311 
   2.100000   85.807395  129.430055   32.838540   39.716518 
   2.110000   86.135780  129.827221   32.772863   39.537085 
   2.120000   86.463509  130.222592   32.707317   39.358011 
   2.130000   86.790582  130.616172   32.641902   39.179295 
   2.140000   87.117001  131.007965   32.576619   39.000937 
   2.150000   87.442767  131.397974   32.511465   38.822935 
   2.160000   87.767882  131.786203   32.446442   38.645289 
   2.170000   88.092346  132.172656   32.381550   38.467998 
   2.180000   88.416162  132.557336   32.316786   38.291062 
   2.190000   88.739330  132.940247   32.252153   38.114480 
   2.200000   89.061851  133.321392   32.187649   37.938251 
   2.210000   89.383728  133.700774   32.123273   37.762375 
   2.220000   89.704961  134.078398   32.059027   37.586850 
   2.230000   90.025551  134.454266   31.994909   37.411676 
   2.240000   90.345500  134.828383   31.930919   37.236853 
   2.250000   90.664809  135.200752   31.867057   37.062379 
   2.260000   90.983480  135.571375   31.803323   36.888254 
   2.270000   91.301513  135.940258   31.739716   36.714478 
   2.280000   91.618910  136.307403   31.676237   36.541049 
   2.290000   91.935672  136.672813   31.612884   36.367967 
   2.300000   92.251801  137.036493   31.549659   36.195231 
   2.310000   92.567298  137.398445   31.486559   36.022840 
   2.320000   92.882163  137.758674   31.423586   35.850795 
   2.330000   93.196399  138.117182   31.360739   35.679093 
   2.340000   93.510007  138.473973   31.298018   35.507735 
   2.350000   93.822987  138.829050   31.235421   35.336720 
   2.360000   94.135341  139.182417   31.172951   35.166046 
   2.370000   94.447071  139.534078   31.110605   34.995714 
   2.380000   94.758177  139.884035   31.048384   34.825723 
   2.390000   95.068660  140.232292   30.986287   34.656071 
   2.400000   95.378523  140.578853   30.924314   34.486759 
   2.410000   95.687766  140.923720   30.862466   34.317785 
   2.420000   95.996391  141.266898   30.800741   34.149150 
   2.430000   96.304399  141.608390   30.739139   33.980852 
   2.440000   96.611790  141.948198   30.677661   33.812890 
   2.450000   96.918567  142.286327   30.616306   33.645264 
   2.460000   97.224730  142.622780   30.555073   33.477974 
   2.470000   97.530280  142.957559   30.493963   33.311018 
   2.480000   97.835220  143.290670   30.432975   33.144396 
   2.490000   98.139550  143.622113   30.372109   32.978107 
   2.500000   98.443271  143.951895   30.311365   32.812151 
   2.510000   98.746384  144.280016   30.250742   32.646526 
   2.520000   99.048892  144.606481   30.190240   32.481233 
   2.530000   99.350794  144.931294   30.129860   32.316271 
   2.540000   99.652093  145.254456   30.069600   32.151638 
   2.550000   99.952789  145.575973   30.009461   31.987335 
   2.560000  100.252883  145.895846   29.949442   31.823360 
   2.570000  100.552378  146.214080   29.889543   31.659714 
   2.580000  100.851273  146.530677   29.829764   31.496394 
   2.590000  101.149571  146.845641   29.770105   31.333401 
   2.600000  101.447272  147.158975   29.710564   31.170735 
   2.610000  101.744378  147.470682   29.651143   31.008393 
   2.620000  102.040889  147.780766   29.591841   30.846376 
   2.630000  102.336808  148.089230   29.532657   30.684684 
   2.640000  102.632134  148.396077   29.473592   30.523314 
   2.650000  102.926870  148.701310   29.414645   30.362268 
   2.660000  103.221016  149.004932   29.355816   30.201543 
   2.670000  103.514575  149.306948   29.297104   30.041140 
   2.680000  103.807546  149.607359   29.238510   29.881058 
   2.690000  104.099931  149.906170   29.180033   29.721296 
   2.700000  104.391731  150.203383   29.121673   29.561853 
   2.710000  104.682948  150.499001   29.063429   29.402729 
   2.720000  104.973582  150.793029   29.005302   29.243924 
   2.730000  105.263635  151.085468   28.947292   29.085436 
   2.740000  105.553108  151.376322   28.889397   28.927265 
   2.750000  105.842002  151.665595   28.831618   28.769411 
   2.760000  106.130318  151.953289   28.773955   28.611872 
   2.770000  106.418058  152.239408   28.716407   28.454648 
   2.780000  106.705222  152.523954   28.658975   28.297739 
   2.790000  106.991812  152.806932   28.601657   28.141143 
   2.800000  107.277828  153.088343   28.544453   27.984861 
   2.810000  107.563273  153.368192   28.487364   27.828891 
   2.820000  107.848146  153.646481   28.430390   27.673233 
   2.830000  108.132450  153.923213   28.373529   27.517887 
   2.840000  108.416185  154.198392   28.316782   27.362851 
   2.850000  108.699353  154.472020   28.260148   27.208125 
   2.860000  108.981955  154.744101   28.203628   27.053709 
   2.870000  109.263991  155.014639   28.147221   26.899602 
   2.880000  109.545463  155.283635   28.090926   26.745803 
   2.890000  109.826373  155.551093   28.034744   26.592311 
   2.900000  110.106720  155.817016   27.978675   26.439126 
   2.910000  110.386507  156.081407   27.922718   26.286248 
   2.920000  110.665734  156.344269   27.866872   26.133676 
   2.930000  110.944403  156.605606   27.811138   25.981408 
   2.940000  111.222514  156.865420   27.755516   25.829445 
   2.950000  111.500069  157.123715   27.700005   25.677787 
   2.960000  111.777069  157.380493   27.644605   25.526431 
   2.970000  112.053515  157.635757   27.589316   25.375378 
   2.980000  112.329408  157.889511   27.534137   25.224627 
   2.990000  112.604750  158.141757   27.479069   25.074178 
   3.000000  112.879540  158.392499   27.424111   24.924030 
   3.010000  113.153782  158.641739   27.369263   24.774182 
   3.020000  113.427474  158.889481   27.314524   24.624633 
   3.030000  113.700619  159.135727   27.259895   24.475384 
   3.040000  113.973218  159.380481   27.205375   24.326433 
   3.050000  114.245272  159.623745   27.150964   24.177780 
   3.060000  114.516782  159.865523   27.096663   24.029425 
   3.070000  114.787748  160.105817   27.042469   23.881366 
   3.080000  115.058173  160.344631   26.988384   23.733603 
   3.090000  115.328057  160.581967   26.934407   23.586136 
   3.100000  115.597401  160.817829   26.880539   23.438964 
   3.110000  115.866206  161.052218   26.826778   23.292086 
   3.120000  116.134474  161.285139   26.773124   23.145502 
   3.130000  116.402205  161.516594   26.719578   22.999211 
   3.140000  116.669401  161.746586   26.666139   22.853212 
   3.150000  116.936063  161.975118   26.612806   22.707506 
   3.160000  117.202191  162.202193   26.559581   22.562091 
   3.170000  117.467786  162.427814   26.506462   22.416967 
   3.180000  117.732851  162.651984   26.453449   22.272133 
   3.190000  117.997386  162.874705   26.400542   22.127588 
   3.200000  118.261391  163.095981   26.347741   21.983333 
   3.210000  118.524868  163.315814   26.295045   21.839367 
   3.220000  118.787819  163.534208   26.242455   21.695688 
   3.230000  119.050243  163.751165   26.189970   21.552296 
   3.240000  119.312143  163.966688   26.137590   21.409192 
   3.250000  119.573519  164.180780   26.085315   21.266374 
   3.260000  119.834372  164.393444   26.033144   21.123841 
   3.270000  120.094704  164.604682   25.981078   20.981593 
   3.280000  120.354514  164.814498   25.929116   20.839630 
   3.290000  120.613806  165.022894   25.877258   20.697951 
   3.300000  120.872578  165.229874   25.825503   20.556555 
   3.310000  121.130833  165.435439   25.773852   20.415442 
   3.320000  121.388572  165.639594   25.722305   20.274611 
   3.330000  121.645795  165.842340   25.670860   20.134062 
   3.340000  121.902503  166.043680   25.619518   19.993793 
   3.350000  122.158699  166.243618   25.568279   19.853806 
   3.360000  122.414381  166.442156   25.517143   19.714098 
   3.370000  122.669553  166.639297   25.466108   19.574670 
   3.380000  122.924214  166.835044   25.415176   19.435521 
   3.390000  123.178366  167.029399   25.364346   19.296650 
   3.400000  123.432009  167.222366   25.313617   19.158056 
   3.410000  123.685145  167.413946   25.262990   19.019740 
   3.420000  123.937775  167.604144   25.212464   18.881701 
   3.430000  124.189900  167.792961   25.162039   18.743937 
   3.440000  124.441520  167.980400   25.111715   18.606449 
   3.450000  124.692637  168.166465   25.061491   18.469237 
   3.460000  124.943252  168.351157   25.011368   18.332298 
   3.470000  125.193366  168.534480   24.961346   18.195633 
   3.480000  125.442979  168.716436   24.911423   18.059242 
   3.490000  125.692094  168.897029   24.861600   17.923124 
   3.500000  125.940710  169.076260   24.811877   17.787277 
   3.510000  126.188828  169.254133   24.762253   17.651703 
   3.520000  126.436451  169.430650   24.712729   17.516400 
   3.530000  126.683578  169.605814   24.663303   17.381367 
   3.540000  126.930211  169.779627   24.613977   17.246604 
   3.550000  127.176351  169.952093   24.564749   17.112111 
   3.560000  127.421998  170.123215   24.515619   16.977887 
   3.570000  127.667155  170.292993   24.466588   16.843931 
   3.580000  127.911821  170.461433   24.417655   16.710243 
   3.590000  128.155997  170.628535   24.368819   16.576822 
   3.600000  128.399685  170.794303   24.320082   16.443669 
   3.610000  128.642886  170.958740   24.271442   16.310781 
   3.620000  128.885600  171.121848   24.222899   16.178160 
   3.630000  129.127829  171.283630   24.174453   16.045804 
   3.640000  129.369574  171.444088   24.126104   15.913712 
   3.650000  129.610835  171.603225   24.077852   15.781885 
   3.660000  129.851614  171.761044   24.029696   15.650321 
   3.670000  130.091911  171.917547   23.981637   15.519020 
   3.680000  130.331727  172.072737   23.933673   15.387982 
   3.690000  130.571064  172.226617   23.885806   15.257206 
   3.700000  130.809922  172.379189   23.838035   15.126692 
   3.710000  131.048302  172.530456   23.790358   14.996438 
   3.720000  131.286206  172.680420   23.742778   14.866445 
   3.730000  131.523633  172.829085   23.695292   14.736713 
   3.740000  131.760586  172.976452   23.647902   14.607239 
   3.750000  131.997065  173.122524   23.600606   14.478025 
   3.760000  132.233071  173.267304   23.553405   14.349069 
   3.770000  132.468605  173.410795   23.506298   14.220370 
   3.780000  132.703668  173.552999   23.459285   14.091930 
   3.790000  132.938261  173.693918   23.412367   13.963746 
   3.800000  133.172385  173.833555   23.365542   13.835818 
   3.810000  133.406040  173.971914   23.318811   13.708147 
   3.820000  133.639228  174.108995   23.272173   13.580730 
   3.830000  133.871950  174.244802   23.225629   13.453569 
   3.840000  134.104206  174.379338   23.179178   13.326662 
   3.850000  134.335998  174.512605   23.132819   13.200009 
   3.860000  134.567326  174.644605   23.086554   13.073609 
   3.870000  134.798192  174.775341   23.040380   12.947461 
   3.880000  135.028596  174.904816   22.994300   12.821566 
   3.890000  135.258539  175.033031   22.948311   12.695923 
   3.900000  135.488022  175.159990   22.902414   12.570531 
   3.910000  135.717046  175.285696   22.856610   12.445390 
   3.920000  135.945612  175.410150   22.810896   12.320500 
   3.930000  136.173721  175.533355   22.765275   12.195859 
   3.940000  136.401374  175.655313   22.719744   12.071467 
   3.950000  136.628571  175.776028   22.674305   11.947324 
   3.960000  136.855314  175.895501   22.628956   11.823429 
   3.970000  137.081604  176.013735   22.583698   11.699782 
   3.980000  137.307441  176.130733   22.538531   11.576383 
   3.990000  137.532826  176.246497   22.493454   11.453230 
   4.000000  137.757761  176.361029   22.448467   11.330324 
   4.010000  137.982245  176.474333   22.403570   11.207663 
   4.020000  138.206281  176.586409   22.358763   11.085248 
   4.030000  138.429869  176.697262   22.314045   10.963077 
   4.040000  138.653009  176.806892   22.269417   10.841151 
   4.050000  138.875703  176.915304   22.224878   10.719469 
   4.060000  139.097952  177.022499   22.180428   10.598030 
   4.070000  139.319756  177.128479   22.136068   10.476834 
   4.080000  139.541117  177.233247   22.091795   10.355880 
   4.090000  139.762035  177.336806   22.047612   10.235168 
   4.100000  139.982511  177.439158   22.003517   10.114698 
   4.110000  140.202546  177.540305   21.959510    9.994469 
   4.120000  140.422141  177.640249   21.915591    9.874480 
   4.130000  140.641297  177.738994   21.871759    9.754731 
   4.140000  140.860015  177.836542   21.828016    9.635221 
   4.150000  141.078295  177.932894   21.784360    9.515951 
   4.160000  141.296139  178.028053   21.740791    9.396919 
   4.170000  141.513547  178.122022   21.697310    9.278125 
   4.180000  141.730520  178.214804   21.653915    9.159569 
   4.190000  141.947059  178.306399   21.610607    9.041250 
   4.200000  142.163165  178.396812   21.567386    8.923167 
   4.210000  142.378839  178.486044   21.524251    8.805321 
   4.220000  142.594081  178.574097   21.481203    8.687710 
   4.230000  142.808893  178.660974   21.438240    8.570335 
   4.240000  143.023276  178.746677   21.395364    8.453194 
   4.250000  143.237229  178.831209   21.352573    8.336288 
   4.260000  143.450755  178.914572   21.309868    8.219615 
   4.270000  143.663854  178.996768   21.267248    8.103176 
   4.280000  143.876526  179.077800   21.224714    7.986969 
   4.290000  144.088773  179.157670   21.182264    7.870996 
   4.300000  144.300596  179.236380   21.139900    7.755254 
   4.310000  144.511995  179.313932   21.097620    7.639743 
   4.320000  144.722971  179.390330   21.055425    7.524464 
   4.330000  144.933525  179.465574   21.013314    7.409415 
   4.340000  145.143659  179.539668   20.971287    7.294596 
   4.350000  145.353371  179.612614   20.929345    7.180007 
   4.360000  145.562665  179.684414   20.887486    7.065647 
   4.370000  145.771540  179.755071   20.845711    6.951515 
   4.380000  145.979997  179.824586   20.804019    6.837612 
   4.390000  146.188037  179.892962   20.762411    6.723937 
   4.400000  146.395661  179.960202   20.720887    6.610489 
   4.410000  146.602870  180.026306   20.679445    6.497268 
   4.420000  146.809664  180.091279   20.638086    6.384274 
   4.430000  147.016045  180.155122   20.596810    6.271505 
   4.440000  147.222013  180.217837   20.555616    6.158962 
   4.450000  147.427570  180.279426   20.514505    6.046644 
   4.460000  147.632715  180.339893   20.473476    5.934551 
   4.470000  147.837449  180.399238   20.432529    5.822682 
   4.480000  148.041775  180.457465   20.391664    5.711036 
   4.490000  148.245691  180.514576   20.350881    5.599614 
   4.500000  148.449200  180.570572   20.310179    5.488415 
   4.510000  148.652302  180.625456   20.269558    5.377438 
   4.520000  148.854998  180.679230   20.229019    5.266683 
   4.530000  149.057288  180.731897   20.188561    5.156150 
   4.540000  149.259173  180.783459   20.148184    5.045838 
   4.550000  149.460655  180.833917   20.107888    4.935746 
   4.560000  149.661734  180.883274   20.067672    4.825875 
   4.570000  149.862411  180.931533   20.027537    4.716223 
   4.580000  150.062686  180.978695   19.987482    4.606790 
   4.590000  150.262561  181.024763   19.947507    4.497577 
   4.600000  150.462036  181.069739   19.907612    4.388582 
   4.610000  150.661112  181.113625   19.867796    4.279804 
   4.620000  150.859790  181.156423   19.828061    4.171245 
   4.630000  151.058071  181.198135   19.788405    4.062902 
   4.640000  151.255955  181.238764   19.748828    3.954777 
   4.650000  151.453443  181.278312   19.709330    3.846867 
   4.660000  151.650536  181.316781   19.669912    3.739173 
   4.670000  151.847235  181.354173   19.630572    3.631695 
   4.680000  152.043541  181.390490   19.591311    3.524432 
   4.690000  152.239454  181.425734   19.552128    3.417383 
   4.700000  152.434976  181.459908   19.513024    3.310548 
   4.710000  152.630106  181.493013   19.473998    3.203927 
   4.720000  152.824846  181.525052   19.435050    3.097519 
   4.730000  153.019196  181.556028   19.396180    2.991324 
   4.740000  153.213158  181.585941   19.357387    2.885341 
   4.750000  153.406732  181.614794   19.318672    2.779571 
   4.760000  153.599919  181.642590   19.280035    2.674011 
   4.770000  153.792719  181.669330   19.241475    2.568663 
   4.780000  153.985134  181.695017   19.202992    2.463526 
   4.790000  154.177164  181.719652   19.164586    2.358599 
   4.800000  154.368810  181.743238   19.126257    2.253882 
   4.810000  154.560072  181.765777   19.088004    2.149374 
   4.820000  154.750952  181.787271   19.049828    2.045075 
   4.830000  154.941450  181.807721   19.011729    1.940985 
   4.840000  155.131568  181.827131   18.973705    1.837103 
   4.850000  155.321305  181.845502   18.935758    1.733429 
   4.860000  155.510662  181.862836   18.897886    1.629962 
   4.870000  155.699641  181.879136   18.860091    1.526702 
   4.880000  155.888242  181.894403   18.822370    1.423649 
   4.890000  156.076466  181.908640   18.784726    1.320802 
   4.900000  156.264313  181.921848   18.747156    1.218160 
   4.910000  156.451785  181.934029   18.709662    1.115724 
   4.920000  156.638881  181.945186   18.672243    1.013492 
   4.930000  156.825604  181.955321   18.634898    0.911465 
   4.940000  157.011953  181.964436   18.597628    0.809642 
   4.950000  157.197929  181.972532   18.560433    0.708023 
   4.960000  157.383533  181.979613   18.523312    0.606607 
   4.970000  157.568766  181.985679   18.486266    0.505394 
   4.980000  157.753629  181.990733   18.449293    0.404383 
   4.990000  157.938122  181.994777   18.412394    0.303574 
   5.000000  158.122246  181.997812   18.375570    0.202967 
   5.010000  158.306002  181.999842   18.338819    0.102561 
   5.020000  158.489390  182.000868   18.302141    0.002356 
   5.030000  158.672411  182.000891   18.265537   -0.097649 
   5.040000  158.855067  181.999915   18.229006   -0.197453 
   5.050000  159.037357  181.997940   18.192548   -0.297059 
   5.060000  159.219282  181.994970   18.156162   -0.396464 
   5.070000  159.400844  181.991005   18.119850   -0.495671 
   5.080000  159.582042  181.986048   18.083610   -0.594680 
   5.090000  159.762878  181.980101   18.047443   -0.693491 
   5.100000  159.943353  181.973166   18.011348   -0.792104 
   5.110000  160.123466  181.965245   17.975326   -0.890520 
   5.120000  160.303220  181.956340   17.939375   -0.988739 
   5.130000  160.482613  181.946453   17.903496   -1.086761 
   5.140000  160.661648  181.935585   17.867689   -1.184588 
   5.150000  160.840325  181.923739   17.831954   -1.282218 
   5.160000  161.018645  181.910917   17.796290   -1.379654 
   5.170000  161.196608  181.897121   17.760697   -1.476895 
   5.180000  161.374215  181.882352   17.725176   -1.573941 
   5.190000  161.551466  181.866612   17.689726   -1.670793 
   5.200000  161.728364  181.849904   17.654346   -1.767451 
   5.210000  161.904907  181.832230   17.619037   -1.863916 
   5.220000  162.081097  181.813591   17.583799   -1.960189 
   5.230000  162.256935  181.793989   17.548632   -2.056268 
   5.240000  162.432422  181.773426   17.513535   -2.152156 
   5.250000  162.607557  181.751905   17.478507   -2.247851 
   5.260000  162.782342  181.729426   17.443550   -2.343356 
   5.270000  162.956778  181.705992   17.408663   -2.438669 
   5.280000  163.130864  181.681606   17.373846   -2.533792 
   5.290000  163.304603  181.656268   17.339098   -2.628724 
   5.300000  163.477994  181.629981   17.304420   -2.723467 
   5.310000  163.651038  181.602746   17.269811   -2.818020 
   5.320000  163.823736  181.574566   17.235272   -2.912384 
   5.330000  163.996089  181.545442   17.200801   -3.006559 
   5.340000  164.168097  181.515376   17.166400   -3.100546 
   5.350000  164.339761  181.484371   17.132067   -3.194345 
   5.360000  164.511081  181.452427   17.097803   -3.287956 
   5.370000  164.682059  181.419548   17.063607   -3.381380 
   5.380000  164.852696  181.385734   17.029480   -3.474617 
   5.390000  165.022990  181.350988   16.995421   -3.567668 
   5.400000  165.192945  181.315311   16.961430   -3.660533 
   5.410000  165.362559  181.278706   16.927507   -3.753212 
   5.420000  165.531834  181.241174   16.893652   -3.845705 
   5.430000  165.700770  181.202717   16.859865   -3.938014 
   5.440000  165.869369  181.163337   16.826145   -4.030138 
   5.450000  166.037631  181.123035   16.792493   -4.122078 
   5.460000  166.205555  181.081814   16.758908   -4.213833 
   5.470000  166.373145  181.039676   16.725390   -4.305406 
   5.480000  166.540398  180.996622   16.691939   -4.396795 
   5.490000  166.707318  180.952654   16.658555   -4.488001 
   5.500000  166.873903  180.907774   16.625238   -4.579025 
   5.510000  167.040156  180.861984   16.591988   -4.669867 
   5.520000  167.206076  180.815285   16.558804   -4.760528 
   5.530000  167.371664  180.767680   16.525686   -4.851006 
   5.540000  167.536921  180.719170   16.492635   -4.941304 
   5.550000  167.701847  180.669757   16.459649   -5.031422 
   5.560000  167.866443  180.619443   16.426730   -5.121359 
   5.570000  168.030711  180.568229   16.393877   -5.211116 
   5.580000  168.194649  180.516118   16.361089   -5.300694 
   5.590000  168.358260  180.463111   16.328367   -5.390093 
   5.600000  168.521544  180.409210   16.295710   -5.479312 
   5.610000  168.684501  180.354417   16.263119   -5.568354 
   5.620000  168.847132  180.298733   16.230592   -5.657217 
   5.630000  169.009438  180.242161   16.198131   -5.745903 
   5.640000  169.171420  180.184702   16.165735   -5.834411 
   5.650000  169.333077  180.126358   16.133403   -5.922742 
   5.660000  169.494411  180.067131   16.101137   -6.010897 
   5.670000  169.655422  180.007022   16.068934   -6.098875 
   5.680000  169.816112  179.946033   16.036797   -6.186677 
   5.690000  169.976480  179.884166   16.004723   -6.274304 
   5.700000  170.136527  179.821423   15.972714   -6.361755 
   5.710000  170.296254  179.757805   15.940768   -6.449032 
   5.720000  170.455662  179.693315   15.908887   -6.536134 
   5.730000  170.614750  179.627954   15.877069   -6.623061 
   5.740000  170.773521  179.561723   15.845315   -6.709815 
   5.750000  170.931974  179.494625   15.813624   -6.796396 
   5.760000  171.090111  179.426661   15.781997   -6.882803 
   5.770000  171.247931  179.357833   15.750433   -6.969037 
   5.780000  171.405435  179.288143   15.718932   -7.055099 
   5.790000  171.562624  179.217592   15.687494   -7.140989 
   5.800000  171.719499  179.146182   15.656119   -7.226707 
   5.810000  171.876060  179.073915   15.624807   -7.312253 
   5.820000  172.032308  179.000792   15.593557   -7.397629 
   5.830000  172.188244  178.926816   15.562370   -7.482834 
   5.840000  172.343868  178.851988   15.531245   -7.567868 
   5.850000  172.499180  178.776309   15.500183   -7.652732 
   5.860000  172.654182  178.699782   15.469182   -7.737427 
   5.870000  172.808874  178.622407   15.438244   -7.821952 
   5.880000  172.963256  178.544188   15.407368   -7.906308 
   5.890000  173.117330  178.465125   15.376553   -7.990495 
   5.900000  173.271095  178.385220   15.345800   -8.074514 
   5.910000  173.424553  178.304475   15.315108   -8.158365 
   5.920000  173.577704  178.222891   15.284478   -8.242049 
   5.930000  173.730549  178.140470   15.253909   -8.325565 
   5.940000  173.883088  178.057215   15.223401   -8.408913 
   5.950000  174.035322  177.973126   15.192954   -8.492096 
   5.960000  174.187252  177.888205   15.162568   -8.575111 
   5.970000  174.338878  177.802454   15.132243   -8.657961 
   5.980000  174.490200  177.715874   15.101979   -8.740645 
   5.990000  174.641220  177.628468   15.071775   -8.823164 
   6.000000  174.791938  177.540236   15.041631   -8.905518 
   6.010000  174.942354  177.451181   15.011548   -8.987707 
   6.020000  175.092469  177.361304   14.981525   -9.069731 
   6.030000  175.242285  177.270606   14.951562   -9.151592 
   6.040000  175.391800  177.179090   14.921659   -9.233289 
   6.050000  175.541017  177.086758   14.891816   -9.314822 
   6.060000  175.689935  176.993609   14.862032   -9.396192 
   6.070000  175.838555  176.899647   14.832308   -9.477400 
   6.080000  175.986878  176.804873   14.802643   -9.558445 
   6.090000  176.134905  176.709289   14.773038   -9.639328 
   6.100000  176.282635  176.612896   14.743492   -9.720050 
   6.110000  176.430070  176.515695   14.714005   -9.800610 
   6.120000  176.577210  176.417689   14.684577   -9.881008 
   6.130000  176.724056  176.318879   14.655208   -9.961246 
   6.140000  176.870608  176.219267   14.625897  -10.041324 
   6.150000  177.016867  176.118853   14.596645  -10.121241 
   6.160000  177.162833  176.017641   14.567452  -10.200999 
   6.170000  177.308508  175.915631   14.538317  -10.280597 
   6.180000  177.453891  175.812825   14.509241  -10.360035 
   6.190000  177.598984  175.709225   14.480222  -10.439315 
   6.200000  177.743786  175.604831   14.451262  -10.518437 
   6.210000  177.888298  175.499647   14.422359  -10.597400 
   6.220000  178.032522  175.393673   14.393514  -10.676205 
   6.230000  178.176457  175.286911   14.364727  -10.754853 
   6.240000  178.320104  175.179362   14.335998  -10.833343 
   6.250000  178.463464  175.071029   14.307326  -10.911676 
   6.260000  178.606538  174.961912   14.278711  -10.989853 
   6.270000  178.749325  174.852014   14.250154  -11.067873 
   6.280000  178.891826  174.741335   14.221654  -11.145738 
   6.290000  179.034043  174.629878   14.193210  -11.223446 
   6.300000  179.175975  174.517643   14.164824  -11.300999 
   6.310000  179.317623  174.404633   14.136494  -11.378397 
   6.320000  179.458988  174.290849   14.108221  -11.455640 
   6.330000  179.600070  174.176293   14.080005  -11.532729 
   6.340000  179.740870  174.060966   14.051845  -11.609664 
   6.350000  179.881389  173.944869   14.023741  -11.686444 
   6.360000  180.021626  173.828004   13.995694  -11.763071 
   6.370000  180.161583  173.710374   13.967702  -11.839545 
   6.380000  180.301260  173.591978   13.939767  -11.915866 
   6.390000  180.440658  173.472820   13.911887  -11.992034 
   6.400000  180.579777  173.352899   13.884064  -12.068050 
   6.410000  180.718617  173.232219   13.856295  -12.143914 
   6.420000  180.857180  173.110780   13.828583  -12.219626 
   6.430000  180.995466  172.988583   13.800926  -12.295187 
   6.440000  181.133475  172.865631   13.773324  -12.370597 
   6.450000  181.271209  172.741926   13.745777  -12.445856 
   6.460000  181.408666  172.617467   13.718286  -12.520964 
   6.470000  181.545849  172.492257   13.690849  -12.595922 
   6.480000  181.682758  172.366298   13.663467  -12.670730 
   6.490000  181.819392  172.239591   13.636140  -12.745389 
   6.500000  181.955754  172.112137   13.608868  -12.819898 
   6.510000  182.091842  171.983938   13.581650  -12.894258 
   6.520000  182.227659  171.854995   13.554487  -12.968470 
   6.530000  182.363204  171.725311   13.527378  -13.042533 
   6.540000  182.498478  171.594885   13.500323  -13.116448 
   6.550000  182.633481  171.463721   13.473323  -13.190215 
   6.560000  182.768214  171.331819   13.446376  -13.263834 
   6.570000  182.902678  171.199180   13.419483  -13.337307 
   6.580000  183.036873  171.065807   13.392644  -13.410632 
   6.590000  183.170799  170.931701   13.365859  -13.483811 
   6.600000  183.304458  170.796863   13.339127  -13.556843 
   6.610000  183.437849  170.661294   13.312449  -13.629729 
   6.620000  183.570973  170.524997   13.285824  -13.702470 
   6.630000  183.703832  170.387972   13.259253  -13.775065 
   6.640000  183.836424  170.250222   13.232734  -13.847515 
   6.650000  183.968752  170.111747   13.206269  -13.919820 
   6.660000  184.100814  169.972548   13.179856  -13.991980 
   6.670000  184.232613  169.832629   13.153496  -14.063996 
   6.680000  184.364148  169.691989   13.127189  -14.135868 
   6.690000  184.495420  169.550630   13.100935  -14.207597 
   6.700000  184.626429  169.408554   13.074733  -14.279181 
   6.710000  184.757176  169.265762   13.048584  -14.350623 
   6.720000  184.887662  169.122256   13.022486  -14.421922 
   6.730000  185.017887  168.978037   12.996441  -14.493078 
   6.740000  185.147851  168.833106   12.970449  -14.564092 
   6.750000  185.277556  168.687465   12.944508  -14.634964 
   6.760000  185.407001  168.541115   12.918619  -14.705694 
   6.770000  185.536187  168.394059   12.892781  -14.776282 
   6.780000  185.665115  168.246296   12.866996  -14.846730 
   6.790000  185.793785  168.097828   12.841262  -14.917036 
   6.800000  185.922198  167.948658   12.815579  -14.987202 
   6.810000  186.050353  167.798786   12.789948  -15.057228 
   6.820000  186.178253  167.648214   12.764368  -15.127113 
   6.830000  186.305897  167.496943   12.738840  -15.196859 
   6.840000  186.433285  167.344974   12.713362  -15.266465 
   6.850000  186.560419  167.192309   12.687935  -15.335932 
   6.860000  186.687298  167.038950   12.662559  -15.405261 
   6.870000  186.813924  166.884897   12.637234  -15.474450 
   6.880000  186.940296  166.730153   12.611960  -15.543501 
   6.890000  187.066415  166.574718   12.586736  -15.612414 
   6.900000  187.192283  166.418594   12.561562  -15.681189 
   6.910000  187.317898  166.261782   12.536439  -15.749827 
   6.920000  187.443263  166.104284   12.511366  -15.818327 
   6.930000  187.568377  165.946100   12.486344  -15.886691 
   6.940000  187.693240  165.787233   12.461371  -15.954917 
   6.950000  187.817854  165.627684   12.436448  -16.023007 
   6.960000  187.942218  165.467454   12.411575  -16.090961 
   6.970000  188.066334  165.306545   12.386752  -16.158779 
   6.980000  188.190201  165.144957   12.361979  -16.226462 
   6.990000  188.313821  164.982692   12.337255  -16.294009 
   7.000000  188.437194  164.819752   12.312580  -16.361421 
   7.010000  188.560320  164.656138   12.287955  -16.428698 
   7.020000  188.683199  164.491851   12.263379  -16.495841 
   7.030000  188.805833  164.326892   12.238852  -16.562849 
   7.040000  188.928221  164.161264   12.214375  -16.629723 
   7.050000  189.050365  163.994967   12.189946  -16.696464 
   7.060000  189.172265  163.828002   12.165566  -16.763071 
   7.070000  189.293920  163.660371   12.141235  -16.829545 
   7.080000  189.415333  163.492076   12.116952  -16.895886 
   7.090000  189.536502  163.323117   12.092718  -16.962094 
   7.100000  189.657429  163.153496   12.068533  -17.028170 
   7.110000  189.778115  162.983214   12.044396  -17.094113 
   7.120000  189.898559  162.812273   12.020307  -17.159925 
   7.130000  190.018762  162.640674   11.996267  -17.225605 
   7.140000  190.138724  162.468418   11.972274  -17.291154 
   7.150000  190.258447  162.295506   11.948329  -17.356572 
   7.160000  190.377930  162.121941   11.924433  -17.421859 
   7.170000  190.497175  161.947722   11.900584  -17.487015 
   7.180000  190.616181  161.772852   11.876783  -17.552041 
   7.190000  190.734948  161.597332   11.853029  -17.616937 
   7.200000  190.853479  161.421162   11.829323  -17.681703 
   7.210000  190.971772  161.244345   11.805664  -17.746340 
   7.220000  191.089829  161.066882   11.782053  -17.810847 
   7.230000  191.207649  160.888773   11.758489  -17.875225 
   7.240000  191.325234  160.710021   11.734972  -17.939475 
   7.250000  191.442584  160.530626   11.711502  -18.003596 
   7.260000  191.559699  160.350590   11.688079  -18.067589 
   7.270000  191.676580  160.169915   11.664703  -18.131453 
   7.280000  191.793227  159.988600   11.641374  -18.195191 
   7.290000  191.909640  159.806648   11.618091  -18.258800 
   7.300000  192.025821  159.624060   11.594855  -18.322283 
   7.310000  192.141770  159.440837   11.571665  -18.385638 
   7.320000  192.257486  159.256981   11.548522  -18.448867 
   7.330000  192.372972  159.072492   11.525425  -18.511969 
   7.340000  192.488226  158.887373   11.502374  -18.574945 
   7.350000  192.603250  158.701623   11.479369  -18.637795 
   7.360000  192.718043  158.515245   11.456410  -18.700520 
   7.370000  192.832607  158.328240   11.433497  -18.763118 
   7.380000  192.946942  158.140609   11.410630  -18.825592 
   7.390000  193.061049  157.952353   11.387809  -18.887941 
   7.400000  193.174927  157.763473   11.365034  -18.950165 
   7.410000  193.288577  157.573972   11.342303  -19.012265 
   7.420000  193.402000  157.383849   11.319619  -19.074240 
   7.430000  193.515196  157.193107   11.296980  -19.136092 
   7.440000  193.628166  157.001746   11.274386  -19.197820 
   7.450000  193.740910  156.809768   11.251837  -19.259424 
   7.460000  193.853428  156.617173   11.229333  -19.320905 
   7.470000  193.965722  156.423964   11.206875  -19.382263 
   7.480000  194.077790  156.230142   11.184461  -19.443499 
   7.490000  194.189635  156.035707   11.162092  -19.504612 
   7.500000  194.301256  155.840661   11.139768  -19.565603 
   7.510000  194.412654  155.645005   11.117488  -19.626471 
   7.520000  194.523828  155.448740   11.095253  -19.687218 
   7.530000  194.634781  155.251868   11.073063  -19.747844 
   7.540000  194.745512  155.054389   11.050917  -19.808348 
   7.550000  194.856021  154.856306   11.028815  -19.868732 
   7.560000  194.966309  154.657618   11.006757  -19.928994 
   7.570000  195.076377  154.458328   10.984744  -19.989136 
   7.580000  195.186224  154.258437   10.962774  -20.049158 
   7.590000  195.295852  154.057945   10.940849  -20.109060 
   7.600000  195.405260  153.856855   10.918967  -20.168841 
   7.610000  195.514450  153.655166   10.897129  -20.228504 
   7.620000  195.623421  153.452881   10.875335  -20.288047 
   7.630000  195.732174  153.250001   10.853584  -20.347471 
   7.640000  195.840710  153.046526   10.831877  -20.406776 
   7.650000  195.949029  152.842459   10.810213  -20.465962 
   7.660000  196.057131  152.637799   10.788593  -20.525030 
   7.670000  196.165017  152.432549   10.767015  -20.583980 
   7.680000  196.272687  152.226709   10.745481  -20.642812 
   7.690000  196.380142  152.020281   10.723990  -20.701527 
   7.700000  196.487382  151.813265   10.702542  -20.760124 
   7.710000  196.594407  151.605664   10.681137  -20.818603 
   7.720000  196.701219  151.397478   10.659775  -20.876966 
   7.730000  196.807817  151.188708   10.638456  -20.935212 
   7.740000  196.914201  150.979356   10.617179  -20.993342 
   7.750000  197.020373  150.769423   10.595944  -21.051355 
   7.760000  197.126332  150.558909   10.574752  -21.109252 
   7.770000  197.232080  150.347817   10.553603  -21.167034 
   7.780000  197.337616  150.136147   10.532496  -21.224700 
   7.790000  197.442941  149.923900   10.511431  -21.282250 
   7.800000  197.548055  149.711077   10.490408  -21.339686 
   7.810000  197.652959  149.497680   10.469427  -21.397007 
   7.820000  197.757654  149.283710   10.448488  -21.454213 
   7.830000  197.862138  149.069168   10.427591  -21.511304 
   7.840000  197.966414  148.854055   10.406736  -21.568281 
   7.850000  198.070482  148.638372   10.385923  -21.625145 
   7.860000  198.174341  148.422121   10.365151  -21.681895 
   7.870000  198.277992  148.205302   10.344420  -21.738531 
   7.880000  198.381437  147.987916   10.323732  -21.795054 
   7.890000  198.484674  147.769966   10.303084  -21.851464 
   7.900000  198.587705  147.551451   10.282478  -21.907761 
   7.910000  198.690530  147.332374   10.261913  -21.963945 
   7.920000  198.793149  147.112734   10.241389  -22.020017 
   7.930000  198.895563  146.892534   10.220906  -22.075977 
   7.940000  198.997772  146.671774   10.200465  -22.131825 
   7.950000  199.099776  146.450456   10.180064  -22.187562 
   7.960000  199.201577  146.228580   10.159703  -22.243187 
   7.970000  199.303174  146.006148   10.139384  -22.298700 
   7.980000  199.404568  145.783161   10.119105  -22.354103 
   7.990000  199.505759  145.559620   10.098867  -22.409395 
   8.000000  199.606748  145.335527   10.078669  -22.464576 
   8.010000  199.707534  145.110881   10.058512  -22.519647 
   8.020000  199.808119  144.885684   10.038395  -22.574607 
   8.030000  199.908503  144.659938   10.018318  -22.629458 
   8.040000  200.008686  144.433644    9.998282  -22.684199 
   8.050000  200.108669  144.206802    9.978285  -22.738831 
   8.060000  200.208452  143.979413    9.958328  -22.793353 
   8.070000  200.308035  143.751480    9.938412  -22.847766 
   8.080000  200.407420  143.523002    9.918535  -22.902071 
   8.090000  200.506605  143.293981    9.898698  -22.956267 
   8.100000  200.605592  143.064419    9.878900  -23.010354 
   8.110000  200.704381  142.834315    9.859143  -23.064334 
   8.120000  200.802972  142.603672    9.839424  -23.118205 
   8.130000  200.901367  142.372490    9.819746  -23.171968 
   8.140000  200.999564  142.140770    9.800106  -23.225625 
   8.150000  201.097565  141.908514    9.780506  -23.279173 
   8.160000  201.195370  141.675722    9.760945  -23.332615 
   8.170000  201.292980  141.442396    9.741423  -23.385950 
   8.180000  201.390394  141.208537    9.721940  -23.439178 
   8.190000  201.487613  140.974145    9.702496  -23.492299 
   8.200000  201.584638  140.739222    9.683091  -23.545315 
   8.210000  201.681469  140.503769    9.663725  -23.598224 
   8.220000  201.778106  140.267786    9.644398  -23.651028 
   8.230000  201.874550  140.031276    9.625109  -23.703726 
   8.240000  201.970801  139.794239    9.605859  -23.756318 
   8.250000  202.066860  139.556676    9.586647  -23.808806 
   8.260000  202.162726  139.318588    9.567474  -23.861188 
   8.270000  202.258401  139.079976    9.548339  -23.913466 
   8.280000  202.353885  138.840841    9.529242  -23.965639 
   8.290000  202.449177  138.601185    9.510183  -24.017707 
   8.300000  202.544279  138.361008    9.491163  -24.069672 
   8.310000  202.639190  138.120311    9.472181  -24.121533 
   8.320000  202.733912  137.879096    9.453236  -24.173290 
   8.330000  202.828445  137.637363    9.434330  -24.224943 
   8.340000  202.922788  137.395113    9.415461  -24.276493 
   8.350000  203.016943  137.152348    9.396630  -24.327940 
   8.360000  203.110909  136.909069    9.377837  -24.379284 
   8.370000  203.204687  136.665276    9.359081  -24.430526 
   8.380000  203.298278  136.420971    9.340363  -24.481665 
   8.390000  203.391682  136.176154    9.321683  -24.532701 
   8.400000  203.484898  135.930827    9.303039  -24.583636 
   8.410000  203.577929  135.684991    9.284433  -24.634469 
   8.420000  203.670773  135.438646    9.265864  -24.685200 
   8.430000  203.763432  135.191794    9.247332  -24.735829 
   8.440000  203.855905  134.944436    9.228838  -24.786358 
   8.450000  203.948194  134.696572    9.210380  -24.836785 
   8.460000  204.040297  134.448204    9.191959  -24.887111 
   8.470000  204.132217  134.199333    9.173575  -24.937337 
   8.480000  204.223953  133.949960    9.155228  -24.987462 
   8.490000  204.315505  133.700085    9.136918  -25.037488 
   8.500000  204.406874  133.449710    9.118644  -25.087413 
   8.510000  204.498061  133.198836    9.100407  -25.137238 
   8.520000  204.589065  132.947464    9.082206  -25.186963 
   8.530000  204.679887  132.695594    9.064042  -25.236589 
   8.540000  204.770527  132.443228    9.045913  -25.286116 
   8.550000  204.860986  132.190367    9.027822  -25.335544 
   8.560000  204.951264  131.937012    9.009766  -25.384873 
   8.570000  205.041362  131.683163    8.991746  -25.434103 
   8.580000  205.131280  131.428822    8.973763  -25.483235 
   8.590000  205.221017  131.173990    8.955815  -25.532268 
   8.600000  205.310575  130.918667    8.937904  -25.581204 
   8.610000  205.399954  130.662855    8.920028  -25.630041 
   8.620000  205.489155  130.406554    8.902188  -25.678781 
   8.630000  205.578177  130.149767    8.884384  -25.727424 
   8.640000  205.667020  129.892492    8.866615  -25.775969 
   8.650000  205.755687  129.634733    8.848882  -25.824417 
   8.660000  205.844175  129.376489    8.831184  -25.872768 
   8.670000  205.932487  129.117761    8.813521  -25.921023 
   8.680000  206.020622  128.858551    8.795894  -25.969181 
   8.690000  206.108581  128.598859    8.778303  -26.017242 
   8.700000  206.196364  128.338686    8.760746  -26.065208 
   8.710000  206.283972  128.078034    8.743224  -26.113077 
   8.720000  206.371404  127.816904    8.725738  -26.160851 
   8.730000  206.458662  127.555295    8.708287  -26.208530 
   8.740000  206.545744  127.293210    8.690870  -26.256112 
   8.750000  206.632653  127.030649    8.673488  -26.303600 
   8.760000  206.719388  126.767613    8.656141  -26.350993 
   8.770000  206.805949  126.504103    8.638829  -26.398291 
   8.780000  206.892338  126.240120    8.621551  -26.445494 
   8.790000  206.978553  125.975665    8.604308  -26.492603 
   8.800000  207.064596  125.710739    8.587100  -26.539618 
   8.810000  207.150467  125.445343    8.569925  -26.586539 
   8.820000  207.236167  125.179477    8.552786  -26.633366 
   8.830000  207.321694  124.913144    8.535680  -26.680099 
   8.840000  207.407051  124.646343    8.518609  -26.726739 
   8.850000  207.492237  124.379075    8.501571  -26.773286 
   8.860000  207.577253  124.111342    8.484568  -26.819739 
   8.870000  207.662099  123.843145    8.467599  -26.866100 
   8.880000  207.746775  123.574484    8.450664  -26.912367 
   8.890000  207.831281  123.305360    8.433763  -26.958543 
   8.900000  207.915619  123.035775    8.416895  -27.004625 
   8.910000  207.999788  122.765729    8.400061  -27.050616 
   8.920000  208.083788  122.495222    8.383261  -27.096515 
   8.930000  208.167621  122.224257    8.366495  -27.142322 
   8.940000  208.251286  121.952834    8.349762  -27.188037 
   8.950000  208.334784  121.680954    8.333062  -27.233661 
   8.960000  208.418114  121.408617    8.316396  -27.279194 
   8.970000  208.501278  121.135825    8.299763  -27.324636 
   8.980000  208.584276  120.862579    8.283164  -27.369986 
   8.990000  208.667107  120.588879    8.266597  -27.415246 
   9.000000  208.749773  120.314726    8.250064  -27.460416 
   9.010000  208.832274  120.040122    8.233564  -27.505495 
   9.020000  208.914610  119.765067    8.217097  -27.550484 
   9.030000  208.996781  119.489563    8.200663  -27.595383 
   9.040000  209.078787  119.213609    8.184261  -27.640192 
   9.050000  209.160630  118.937207    8.167893  -27.684912 
   9.060000  209.242309  118.660358    8.151557  -27.729542 
   9.070000  209.323824  118.383062    8.135254  -27.774083 
   9.080000  209.405177  118.105321    8.118983  -27.818535 
   9.090000  209.486367  117.827136    8.102746  -27.862898 
   9.100000  209.567394  117.548507    8.086540  -27.907172 
   9.110000  209.648260  117.269435    8.070367  -27.951358 
   9.120000  209.728963  116.989922    8.054226  -27.995455 
   9.130000  209.809506  116.709967    8.038118  -28.039464 
   9.140000  209.889887  116.429573    8.022042  -28.083385 
   9.150000  209.970107  116.148739    8.005997  -28.127218 
   9.160000  210.050167  115.867467    7.989985  -28.170964 
   9.170000  210.130067  115.585757    7.974005  -28.214622 
   9.180000  210.209807  115.303611    7.958057  -28.258193 
   9.190000  210.289388  115.021029    7.942141  -28.301676 
   9.200000  210.368809  114.738012    7.926257  -28.345073 
   9.210000  210.448072  114.454561    7.910405  -28.388383 
   9.220000  210.527176  114.170677    7.894584  -28.431606 
   9.230000  210.606122  113.886361    7.878795  -28.474743 
   9.240000  210.684909  113.601614    7.863037  -28.517793 
   9.250000  210.763540  113.316436    7.847311  -28.560758 
   9.260000  210.842013  113.030828    7.831616  -28.603636 
   9.270000  210.920329  112.744792    7.815953  -28.646429 
   9.280000  210.998489  112.458328    7.800321  -28.689136 
   9.290000  211.076492  112.171436    7.784720  -28.731758 
   9.300000  211.154339  111.884119    7.769151  -28.774294 
   9.310000  211.232031  111.596376    7.753613  -28.816746 
   9.320000  211.309567  111.308208    7.738106  -28.859112 
   9.330000  211.386948  111.019617    7.722629  -28.901394 
   9.340000  211.464174  110.730603    7.707184  -28.943591 
   9.350000  211.541246  110.441167    7.691770  -28.985704 
   9.360000  211.618164  110.151310    7.676386  -29.027733 
   9.370000  211.694927  109.861033    7.661033  -29.069677 
   9.380000  211.771538  109.570336    7.645711  -29.111538 
   9.390000  211.847995  109.279221    7.630420  -29.153315 
   9.400000  211.924299  108.987688    7.615159  -29.195008 
   9.410000  212.000451  108.695738    7.599929  -29.236618 
   9.420000  212.076450  108.403372    7.584729  -29.278145 
   9.430000  212.152297  108.110590    7.569559  -29.319589 
   9.440000  212.227993  107.817394    7.554420  -29.360949 
   9.450000  212.303537  107.523785    7.539311  -29.402227 
   9.460000  212.378930  107.229762    7.524233  -29.443423 
   9.470000  212.454173  106.935328    7.509184  -29.484536 
   9.480000  212.529264  106.640483    7.494166  -29.525567 
   9.490000  212.604206  106.345227    7.479178  -29.566516 
   9.500000  212.678998  106.049562    7.464219  -29.607383 
   9.510000  212.753640  105.753488    7.449291  -29.648168 
   9.520000  212.828133  105.457007    7.434392  -29.688872 
   9.530000  212.902477  105.160118    7.419524  -29.729494 
   9.540000  212.976672  104.862823    7.404684  -29.770035 
   9.550000  213.050719  104.565123    7.389875  -29.810495 
   9.560000  213.124618  104.267018    7.375095  -29.850874 
   9.570000  213.198369  103.968509    7.360345  -29.891172 
   9.580000  213.271972  103.669597    7.345624  -29.931390 
   9.590000  213.345428  103.370283    7.330933  -29.971527 
   9.600000  213.418738  103.070568    7.316271  -30.011584 
   9.610000  213.491900  102.770452    7.301639  -30.051561 
   9.620000  213.564917  102.469936    7.287036  -30.091458 
   9.630000  213.637787  102.169022    7.272461  -30.131275 
   9.640000  213.710512  101.867709    7.257917  -30.171012 
   9.650000  213.783091  101.565999    7.243401  -30.210670 
   9.660000  213.855525  101.263892    7.228914  -30.250249 
   9.670000  213.927814  100.961390    7.214456  -30.289748 
   9.680000  213.999959  100.658492    7.200027  -30.329169 
   9.690000  214.071959  100.355201    7.185627  -30.368511 
   9.700000  214.143815  100.051516    7.171256  -30.407774 
   9.710000  214.215528   99.747438    7.156913  -30.446958 
   9.720000  214.287097   99.442968    7.142600  -30.486064 
   9.730000  214.358523   99.138108    7.128314  -30.525092 
   9.740000  214.429806   98.832857    7.114058  -30.564042 
   9.750000  214.500947   98.527216    7.099830  -30.602914 
   9.760000  214.571945   98.221187    7.085630  -30.641708 
   9.770000  214.642801   97.914770    7.071459  -30.680425 
   9.780000  214.713516   97.607966    7.057316  -30.719064 
   9.790000  214.784089   97.300775    7.043201  -30.757626 
   9.800000  214.854521   96.993199    7.029115  -30.796110 
   9.810000  214.924812   96.685238    7.015056  -30.834518 
   9.820000  214.994963   96.376893    7.001026  -30.872849 
   9.830000  215.064973   96.068164    6.987024  -30.911103 
   9.840000  215.134843   95.759053    6.973050  -30.949281 
   9.850000  215.204574   95.449560    6.959104  -30.987383 
   9.860000  215.274165   95.139686    6.945186  -31.025408 
   9.870000  215.343616   94.829432    6.931296  -31.063357 
   9.880000  215.412929   94.518799    6.917433  -31.101230 
   9.890000  215.482104   94.207787    6.903598  -31.139028 
   9.900000  215.551140   93.896396    6.889791  -31.176750 
   9.910000  215.620038   93.584629    6.876011  -31.214396 
   9.920000  215.688798   93.272485    6.862259  -31.251967 
   9.930000  215.757420   92.959965    6.848535  -31.289464 
   9.940000  215.825906   92.647070    6.834838  -31.326885 
   9.950000  215.894254   92.333802    6.821168  -31.364231 
   9.960000  215.962466   92.020159    6.807526  -31.401502 
   9.970000  216.030541   91.706144    6.793911  -31.438699 
   9.980000  216.098480   91.391757    6.780323  -31.475822 
   9.990000  216.166283   91.076999    6.766762  -31.512870 
  10.000000  216.233951   90.761870    6.753229  -31.549845 
  10.010000  216.301483   90.446372    6.739722  -31.586745 
  10.020000  216.368880   90.130504    6.726243  -31.623571 
  10.030000  216.436143   89.814269    6.712790  -31.660324 
  10.040000  216.503271   89.497666    6.699365  -31.697004 
  10.050000  216.570264   89.180695    6.685966  -31.733610 
  10.060000  216.637124   88.863359    6.672594  -31.770142 
  10.070000  216.703850   88.545658    6.659249  -31.806602 
  10.080000  216.770443   88.227592    6.645930  -31.842989 
  10.090000  216.836902   87.909162    6.632638  -31.879303 
  10.100000  216.903228   87.590369    6.619373  -31.915544 
  10.110000  216.969422   87.271214    6.606134  -31.951713 
  10.120000  217.035483   86.951696    6.592922  -31.987810 
  10.130000  217.101413   86.631818    6.579736  -32.023834 
  10.140000  217.167210   86.311580    6.566577  -32.059787 
  10.150000  217.232876   85.990982    6.553444  -32.095667 
  10.160000  217.298410   85.670025    6.540337  -32.131476 
  10.170000  217.363813   85.348711    6.527256  -32.167213 
  10.180000  217.429086   85.027039    6.514202  -32.202878 
  10.190000  217.494228   84.705010    6.501173  -32.238472 
  10.200000  217.559240   84.382625    6.488171  -32.273996 
  10.210000  217.624122   84.059885    6.475195  -32.309448 
  10.220000  217.688873   83.736791    6.462244  -32.344829 
  10.230000  217.753496   83.413342    6.449320  -32.380139 
  10.240000  217.817989   83.089541    6.436421  -32.415379 
  10.250000  217.882353   82.765387    6.423548  -32.450548 
  10.260000  217.946589   82.440882    6.410701  -32.485647 
  10.270000  218.010696   82.116025    6.397880  -32.520676 
  10.280000  218.074675   81.790818    6.385084  -32.555634 
  10.290000  218.138525   81.465262    6.372314  -32.590523 
  10.300000  218.202249   81.139357    6.359569  -32.625342 
  10.310000  218.265844   80.813104    6.346850  -32.660091 
  10.320000  218.329313   80.486503    6.334156  -32.694771 
  10.330000  218.392654   80.159555    6.321488  -32.729381 
  10.340000  218.455869   79.832261    6.308845  -32.763923 
  10.350000  218.518958   79.504622    6.296227  -32.798395 
  10.360000  218.581920   79.176638    6.283635  -32.832798 
  10.370000  218.644756   78.848310    6.271068  -32.867132 
  10.380000  218.707467   78.519639    6.258525  -32.901398 
  10.390000  218.770052   78.190625    6.246008  -32.935595 
  10.400000  218.832512   77.861269    6.233516  -32.969724 
  10.410000  218.894847   77.531571    6.221049  -33.003785 
  10.420000  218.957058   77.201534    6.208607  -33.037777 
  10.430000  219.019144   76.871156    6.196190  -33.071702 
  10.440000  219.081106   76.540439    6.183798  -33.105558 
  10.450000  219.142944   76.209383    6.171430  -33.139347 
  10.460000  219.204658   75.877990    6.159087  -33.173068 
  10.470000  219.266249   75.546259    6.146769  -33.206722 
  10.480000  219.327717   75.214192    6.134476  -33.240309 
  10.490000  219.389062   74.881789    6.122207  -33.273828 
  10.500000  219.450284   74.549050    6.109962  -33.307281 
  10.510000  219.511383   74.215978    6.097742  -33.340666 
  10.520000  219.572361   73.882571    6.085547  -33.373985 
  10.530000  219.633216   73.548831    6.073376  -33.407237 
  10.540000  219.693950   73.214759    6.061229  -33.440422 
  10.550000  219.754562   72.880355    6.049106  -33.473541 
  10.560000  219.815053   72.545619    6.037008  -33.506594 
  10.570000  219.875423   72.210553    6.024934  -33.539581 
  10.580000  219.935673   71.875157    6.012884  -33.572502 
  10.590000  219.995801   71.539432    6.000859  -33.605357 
  10.600000  220.055810   71.203379    5.988857  -33.638146 
  10.610000  220.115699   70.866997    5.976879  -33.670870 
  10.620000  220.175467   70.530289    5.964925  -33.703528 
  10.630000  220.235117   70.193253    5.952996  -33.736121 
  10.640000  220.294647   69.855892    5.941090  -33.768649 
  10.650000  220.354058   69.518206    5.929207  -33.801112 
  10.660000  220.413350   69.180195    5.917349  -33.833509 
  10.670000  220.472523   68.841859    5.905514  -33.865842 
  10.680000  220.531578   68.503201    5.893703  -33.898111 
  10.690000  220.590515   68.164220    5.881916  -33.930314 
  10.700000  220.649334   67.824917    5.870152  -33.962454 
  10.710000  220.708036   67.485292    5.858412  -33.994529 
  10.720000  220.766620   67.145347    5.846695  -34.026540 
  10.730000  220.825087   66.805082    5.835001  -34.058487 
  10.740000  220.883437   66.464497    5.823331  -34.090370 
  10.750000  220.941670   66.123593    5.811685  -34.122189 
  10.760000  220.999787   65.782371    5.800061  -34.153945 
  10.770000  221.057788   65.440832    5.788461  -34.185637 
  10.780000  221.115672   65.098975    5.776884  -34.217266 
  10.790000  221.173441   64.756803    5.765331  -34.248831 
  10.800000  221.231095   64.414314    5.753800  -34.280333 
  10.810000  221.288633   64.071511    5.742292  -34.311773 
  10.820000  221.346055   63.728393    5.730808  -34.343149 
  10.830000  221.403364   63.384962    5.719346  -34.374463 
  10.840000  221.460557   63.041217    5.707907  -34.405714 
  10.850000  221.517636   62.697160    5.696492  -34.436903 
  10.860000  221.574601   62.352791    5.685099  -34.468029 
  10.870000  221.631452   62.008111    5.673728  -34.499093 
  10.880000  221.688189   61.663120    5.662381  -34.530094 
  10.890000  221.744813   61.317819    5.651056  -34.561034 
  10.900000  221.801324   60.972208    5.639754  -34.591912 
  10.910000  221.857721   60.626289    5.628475  -34.622728 
  10.920000  221.914006   60.280062    5.617218  -34.653483 
  10.930000  221.970178   59.933527    5.605983  -34.684176 
  10.940000  222.026238   59.586685    5.594771  -34.714808 
  10.950000  222.082186   59.239537    5.583582  -34.745378 
  10.960000  222.138021   58.892084    5.572415  -34.775887 
  10.970000  222.193746   58.544325    5.561270  -34.806335 
  10.980000  222.249358   58.196261    5.550147  -34.836723 
  10.990000  222.304860   57.847894    5.539047  -34.867049 
  11.000000  222.360250   57.499224    5.527969  -34.897315 
  11.010000  222.415530   57.150250    5.516913  -34.927521 
  11.020000  222.470699   56.800975    5.505879  -34.957666 
  11.030000  222.525758   56.451399    5.494867  -34.987750 
  11.040000  222.580707   56.101521    5.483878  -35.017775 
  11.050000  222.635545   55.751343    5.472910  -35.047739 
  11.060000  222.690274   55.400866    5.461964  -35.077644 
  11.070000  222.744894   55.050090    5.451040  -35.107488 
  11.080000  222.799404   54.699015    5.440138  -35.137273 
  11.090000  222.853806   54.347642    5.429258  -35.166999 
  11.100000  222.908098   53.995972    5.418399  -35.196665 
  11.110000  222.962282   53.644005    5.407562  -35.226272 
  11.120000  223.016358   53.291743    5.396747  -35.255819 
  11.130000  223.070326   52.939184    5.385954  -35.285307 
  11.140000  223.124185   52.586331    5.375182  -35.314737 
  11.150000  223.177937   52.233184    5.364431  -35.344107 
  11.160000  223.231581   51.879743    5.353703  -35.373419 
  11.170000  223.285118   51.526009    5.342995  -35.402672 
  11.180000  223.338548   51.171982    5.332309  -35.431867 
  11.190000  223.391871   50.817663    5.321645  -35.461003 
  11.200000  223.445088   50.463053    5.311001  -35.490081 
  11.210000  223.498198   50.108152    5.300379  -35.519101 
  11.220000  223.551202   49.752961    5.289779  -35.548063 
  11.230000  223.604099   49.397481    5.279199  -35.576967 
  11.240000  223.656891   49.041711    5.268641  -35.605813 
  11.250000  223.709578   48.685653    5.258103  -35.634601 
  11.260000  223.762159   48.329307    5.247587  -35.663332 
  11.270000  223.814635   47.972674    5.237092  -35.692005 
  11.280000  223.867006   47.615754    5.226618  -35.720621 
  11.290000  223.919272   47.258547    5.216165  -35.749180 
  11.300000  223.971433   46.901056    5.205732  -35.777682 
  11.310000  224.023491   46.543279    5.195321  -35.806126 
  11.320000  224.075444   46.185218    5.184930  -35.834514 
  11.330000  224.127293   45.826872    5.174560  -35.862845 
  11.340000  224.179039   45.468244    5.164211  -35.891119 
  11.350000  224.230681   45.109333    5.153883  -35.919337 
  11.360000  224.282220   44.750139    5.143575  -35.947498 
  11.370000  224.333655   44.390664    5.133288  -35.975603 
  11.380000  224.384988   44.030908    5.123021  -36.003652 
  11.390000  224.436219   43.670872    5.112775  -36.031645 
  11.400000  224.487346   43.310555    5.102550  -36.059582 
  11.410000  224.538372   42.949960    5.092345  -36.087462 
  11.420000  224.589295   42.589085    5.082160  -36.115288 
  11.430000  224.640117   42.227932    5.071996  -36.143057 
  11.440000  224.690837   41.866501    5.061852  -36.170771 
  11.450000  224.741455   41.504794    5.051728  -36.198429 
  11.460000  224.791973   41.142809    5.041624  -36.226032 
  11.470000  224.842389   40.780549    5.031541  -36.253580 
  11.480000  224.892704   40.418013    5.021478  -36.281073 
  11.490000  224.942919   40.055203    5.011435  -36.308511 
  11.500000  224.993033   39.692118    5.001412  -36.335894 
  11.510000  225.043047   39.328759    4.991409  -36.363222 
  11.520000  225.092962   38.965126    4.981427  -36.390496 
  11.530000  225.142776   38.601221    4.971464  -36.417715 
  11.540000  225.192490   38.237044    4.961521  -36.444879 
  11.550000  225.242106   37.872595    4.951598  -36.471990 
  11.560000  225.291622   37.507876    4.941695  -36.499046 
  11.570000  225.341039   37.142885    4.931811  -36.526048 
  11.580000  225.390357   36.777625    4.921948  -36.552995 
  11.590000  225.439576   36.412095    4.912104  -36.579889 
  11.600000  225.488697   36.046296    4.902279  -36.606730 
  11.610000  225.537720   35.680228    4.892475  -36.633516 
  11.620000  225.586645   35.313893    4.882690  -36.660249 
  11.630000  225.635472   34.947291    4.872925  -36.686929 
  11.640000  225.684201   34.580422    4.863179  -36.713555 
  11.650000  225.732833   34.213286    4.853452  -36.740128 
  11.660000  225.781367   33.845885    4.843745  -36.766647 
  11.670000  225.829805   33.478218    4.834058  -36.793114 
  11.680000  225.878145   33.110287    4.824390  -36.819528 
  11.690000  225.926389   32.742092    4.814741  -36.845889 
  11.700000  225.974537   32.373633    4.805112  -36.872197 
  11.710000  226.022588   32.004911    4.795501  -36.898453 
  11.720000  226.070543   31.635926    4.785910  -36.924656 
  11.730000  226.118402   31.266680    4.776339  -36.950806 
  11.740000  226.166165   30.897172    4.766786  -36.976905 
  11.750000  226.213833   30.527403    4.757252  -37.002951 
  11.760000  226.261406   30.157373    4.747738  -37.028945 
  11.770000  226.308883   29.787084    4.738242  -37.054887 
  11.780000  226.356265   29.416535    4.728766  -37.080778 
  11.790000  226.403553   29.045727    4.719308  -37.106616 
  11.800000  226.450746   28.674661    4.709870  -37.132403 
  11.810000  226.497845   28.303337    4.700450  -37.158138 
  11.820000  226.544849   27.931756    4.691049  -37.183822 
  11.830000  226.591760   27.559917    4.681667  -37.209454 
  11.840000  226.638576   27.187823    4.672304  -37.235035 
  11.850000  226.685300   26.815472    4.662959  -37.260565 
  11.860000  226.731929   26.442867    4.653633  -37.286044 
  11.870000  226.778465   26.070006    4.644326  -37.311472 
  11.880000  226.824909   25.696892    4.635037  -37.336849 
  11.890000  226.871259   25.323523    4.625767  -37.362175 
  11.900000  226.917517   24.949901    4.616516  -37.387451 
  11.910000  226.963682   24.576027    4.607282  -37.412676 
  11.920000  227.009755   24.201900    4.598068  -37.437851 
  11.930000  227.055735   23.827522    4.588872  -37.462975 
  11.940000  227.101624   23.452892    4.579694  -37.488049 
  11.950000  227.147421   23.078011    4.570535  -37.513073 
  11.960000  227.193126   22.702881    4.561394  -37.538047 
  11.970000  227.238740   22.327500    4.552271  -37.562971 
  11.980000  227.284263   21.951871    4.543166  -37.587845 
  11.990000  227.329695   21.575992    4.534080  -37.612669 
  12.000000  227.375035   21.199865    4.525012  -37.637444 
  12.010000  227.420286   20.823491    4.515962  -37.662169 
  12.020000  227.465445   20.446869    4.506930  -37.686844 
  12.030000  227.510515   20.070001    4.497916  -37.711471 
  12.040000  227.555494   19.692886    4.488920  -37.736048 
  12.050000  227.600383   19.315526    4.479942  -37.760576 
  12.060000  227.645182   18.937920    4.470982  -37.785054 
  12.070000  227.689892   18.560069    4.462040  -37.809484 
  12.080000  227.734513   18.181974    4.453116  -37.833865 
  12.090000  227.779044   17.803636    4.444210  -37.858198 
  12.100000  227.823486   17.425054    4.435322  -37.882481 
  12.110000  227.867839   17.046229    4.426451  -37.906716 
  12.120000  227.912104   16.667162    4.417598  -37.930903 
  12.130000  227.956280   16.287853    4.408763  -37.955041 
  12.140000  228.000367   15.908302    4.399945  -37.979131 
  12.150000  228.044367   15.528511    4.391146  -38.003173 
  12.160000  228.088278   15.148479    4.382363  -38.027166 
  12.170000  228.132102   14.768208    4.373599  -38.051112 
  12.180000  228.175838   14.387697    4.364851  -38.075010 
  12.190000  228.219486   14.006947    4.356122  -38.098860 
  12.200000  228.263047   13.625958    4.347409  -38.122662 
  12.210000  228.306521   13.244731    4.338715  -38.146417 
  12.220000  228.349909   12.863267    4.330037  -38.170124 
  12.230000  228.393209   12.481566    4.321377  -38.193784 
  12.240000  228.436423   12.099628    4.312734  -38.217396 
  12.250000  228.479550   11.717454    4.304109  -38.240961 
  12.260000  228.522591   11.335044    4.295501  -38.264479 
  12.270000  228.565546   10.952400    4.286910  -38.287950 
  12.280000  228.608415   10.569520    4.278336  -38.311375 
  12.290000  228.651199   10.186406    4.269779  -38.334752 
  12.300000  228.693896    9.803059    4.261240  -38.358082 
  12.310000  228.736509    9.419478    4.252717  -38.381366 
  12.320000  228.779036    9.035664    4.244212  -38.404603 
  12.330000  228.821478    8.651618    4.235723  -38.427794 
  12.340000  228.863835    8.267340    4.227252  -38.450939 
  12.350000  228.906108    7.882831    4.218797  -38.474037 
  12.360000  228.948296    7.498091    4.210360  -38.497089 
  12.370000  228.990399    7.113120    4.201939  -38.520094 
  12.380000  229.032419    6.727919    4.193535  -38.543054 
  12.390000  229.074354    6.342488    4.185148  -38.565968 
  12.400000  229.116206    5.956829    4.176778  -38.588836 
  12.410000  229.157973    5.570940    4.168424  -38.611659 
  12.420000  229.199658    5.184824    4.160087  -38.634435 
  12.430000  229.241259    4.798479    4.151767  -38.657166 
  12.440000  229.282776    4.411908    4.143464  -38.679852 
  12.450000  229.324211    4.025109    4.135177  -38.702492 
  12.460000  229.365563    3.638084    4.126906  -38.725087 
  12.470000  229.406832    3.250833    4.118653  -38.747637 
  12.480000  229.448018    2.863357    4.110415  -38.770142 
  12.490000  229.489122    2.475656    4.102194  -38.792602 
  12.500000  229.530144    2.087730    4.093990  -38.815016 
  12.510000  229.571084    1.699579    4.085802  -38.837386 
  12.520000  229.611942    1.311206    4.077630  -38.859712 
  12.530000  229.652719    0.922608    4.069475  -38.881992 
  12.540000  229.693413    0.533789    4.061336  -38.904228 
  12.550000  229.734027    0.144746    4.053214  -38.926420 
