   0.000000    0.000000    0.000000    0.000000  100.000000    0.000000 
   0.000000    0.100000   10.000000    0.000000  100.000000   -1.000000 
  15.000000    0.000000    0.000000    0.000000   96.592584   25.881899 
  15.000000    0.100000    9.659258    2.588190   96.592584   24.881899 
  15.000000    0.200000   19.318517    5.076380   96.592584   23.881899 
  15.000000    0.300000   28.977775    7.464570   96.592584   22.881899 
  15.000000    0.400000   38.637034    9.752760   96.592584   21.881899 
  15.000000    0.500000   48.296292   11.940950   96.592584   20.881899 
  15.000000    0.600000   57.955550   14.029140   96.592584   19.881899 
  15.000000    0.700000   67.614809   16.017329   96.592584   18.881899 
  15.000000    0.800000   77.274067   17.905519   96.592584   17.881899 
  15.000000    0.900000   86.933326   19.693709   96.592584   16.881899 
  15.000000    1.000000   96.592584   21.381899   96.592584   15.881899 
  15.000000    1.100000  106.251842   22.970089   96.592584   14.881899 
  15.000000    1.200000  115.911101   24.458279   96.592584   13.881899 
  15.000000    1.300000  125.570359   25.846469   96.592584   12.881899 
  15.000000    1.400000  135.229618   27.134659   96.592584   11.881899 
  15.000000    1.500000  144.888876   28.322849   96.592584   10.881899 
  15.000000    1.600000  154.548134   29.411039   96.592584    9.881899 
  15.000000    1.700000  164.207393   30.399229   96.592584    8.881899 
  15.000000    1.800000  173.866651   31.287419   96.592584    7.881899 
  15.000000    1.900000  183.525910   32.075609   96.592584    6.881899 
  15.000000    2.000000  193.185168   32.763798   96.592584    5.881899 
  15.000000    2.100000  202.844426   33.351988   96.592584    4.881899 
  15.000000    2.200000  212.503685   33.840178   96.592584    3.881899 
  15.000000    2.300000  222.162943   34.228368   96.592584    2.881899 
  15.000000    2.400000  231.822202   34.516558   96.592584    1.881899 
  15.000000    2.500000  241.481460   34.704748   96.592584    0.881899 
  15.000000    2.600000  251.140719   34.792938   96.592584   -0.118101 
  15.000000    2.700000  260.799977   34.781128   96.592584   -1.118101 
  15.000000    2.800000  270.459235   34.669318   96.592584   -2.118101 
  15.000000    2.900000  280.118494   34.457508   96.592584   -3.118101 
  15.000000    3.000000  289.777752   34.145698   96.592584   -4.118101 
  15.000000    3.100000  299.437011   33.733888   96.592584   -5.118101 
  15.000000    3.200000  309.096269   33.222078   96.592584   -6.118101 
  15.000000    3.300000  318.755527   32.610268   96.592584   -7.118101 
  15.000000    3.400000  328.414786   31.898457   96.592584   -8.118101 
  15.000000    3.500000  338.074044   31.086647   96.592584   -9.118101 
  15.000000    3.600000  347.733303   30.174837   96.592584  -10.118101 
  15.000000    3.700000  357.392561   29.163027   96.592584  -11.118101 
  15.000000    3.800000  367.051819   28.051217   96.592584  -12.118101 
  15.000000    3.900000  376.711078   26.839407   96.592584  -13.118101 
  15.000000    4.000000  386.370336   25.527597   96.592584  -14.118101 
  15.000000    4.100000  396.029595   24.115787   96.592584  -15.118101 
  15.000000    4.200000  405.688853   22.603977   96.592584  -16.118101 
  15.000000    4.300000  415.348111   20.992167   96.592584  -17.118101 
  15.000000    4.400000  425.007370   19.280357   96.592584  -18.118101 
  15.000000    4.500000  434.666628   17.468547   96.592584  -19.118101 
  15.000000    4.600000  444.325887   15.556737   96.592584  -20.118101 
  15.000000    4.700000  453.985145   13.544926   96.592584  -21.118101 
  15.000000    4.800000  463.644403   11.433116   96.592584  -22.118101 
  15.000000    4.900000  473.303662    9.221306   96.592584  -23.118101 
  15.000000    5.000000  482.962920    6.909496   96.592584  -24.118101 
  15.000000    5.100000  492.622179    4.497686   96.592584  -25.118101 
  15.000000    5.200000  502.281437    1.985876   96.592584  -26.118101 
  30.000000    0.000000    0.000000    0.000000   86.602546   49.999991 
  30.000000    0.100000    8.660255    4.999999   86.602546   48.999991 
  30.000000    0.200000   17.320509    9.899998   86.602546   47.999991 
  30.000000    0.300000   25.980764   14.699997   86.602546   46.999991 
  30.000000    0.400000   34.641018   19.399996   86.602546   45.999991 
  30.000000    0.500000   43.301273   23.999995   86.602546   44.999991 
  30.000000    0.600000   51.961527   28.499994   86.602546   43.999991 
  30.000000    0.700000   60.621782   32.899993   86.602546   42.999991 
  30.000000    0.800000   69.282037   37.199992   86.602546   41.999991 
  30.000000    0.900000   77.942291   41.399992   86.602546   40.999991 
  30.000000    1.000000   86.602546   45.499991   86.602546   39.999991 
  30.000000    1.100000   95.262800   49.499990   86.602546   38.999991 
  30.000000    1.200000  103.923055   53.399989   86.602546   37.999991 
  30.000000    1.300000  112.583310   57.199988   86.602546   36.999991 
  30.000000    1.400000  121.243564   60.899987   86.602546   35.999991 
  30.000000    1.500000  129.903819   64.499986   86.602546   34.999991 
  30.000000    1.600000  138.564073   67.999985   86.602546   33.999991 
  30.000000    1.700000  147.224328   71.399984   86.602546   32.999991 
  30.000000    1.800000  155.884582   74.699983   86.602546   31.999991 
  30.000000    1.900000  164.544837   77.899982   86.602546   30.999991 
  30.000000    2.000000  173.205092   80.999981   86.602546   29.999991 
  30.000000    2.100000  181.865346   83.999980   86.602546   28.999991 
  30.000000    2.200000  190.525601   86.899979   86.602546   27.999991 
  30.000000    2.300000  199.185855   89.699978   86.602546   26.999991 
  30.000000    2.400000  207.846110   92.399977   86.602546   25.999991 
  30.000000    2.500000  216.506365   94.999976   86.602546   24.999991 
  30.000000    2.600000  225.166619   97.499975   86.602546   23.999991 
  30.000000    2.700000  233.826874   99.899975   86.602546   22.999991 
  30.000000    2.800000  242.487128  102.199974   86.602546   21.999991 
  30.000000    2.900000  251.147383  104.399973   86.602546   20.999991 
  30.000000    3.000000  259.807637  106.499972   86.602546   19.999991 
  30.000000    3.100000  268.467892  108.499971   86.602546   18.999991 
  30.000000    3.200000  277.128147  110.399970   86.602546   17.999991 
  30.000000    3.300000  285.788401  112.199969   86.602546   16.999991 
  30.000000    3.400000  294.448656  113.899968   86.602546   15.999991 
  30.000000    3.500000  303.108910  115.499967   86.602546   14.999991 
  30.000000    3.600000  311.769165  116.999966   86.602546   13.999991 
  30.000000    3.700000  320.429420  118.399965   86.602546   12.999991 
  30.000000    3.800000  329.089674  119.699964   86.602546   11.999991 
  30.000000    3.900000  337.749929  120.899963   86.602546   10.999991 
  30.000000    4.000000  346.410183  121.999962   86.602546    9.999991 
  30.000000    4.100000  355.070438  122.999961   86.602546    8.999991 
  30.000000    4.200000  363.730692  123.899960   86.602546    7.999991 
  30.000000    4.300000  372.390947  124.699959   86.602546    6.999991 
  30.000000    4.400000  381.051202  125.399958   86.602546    5.999991 
  30.000000    4.500000  389.711456  125.999958   86.602546    4.999991 
  30.000000    4.600000  398.371711  126.499957   86.602546    3.999991 
  30.000000    4.700000  407.031965  126.899956   86.602546    2.999991 
  30.000000    4.800000  415.692220  127.199955   86.602546    1.999991 
  30.000000    4.900000  424.352475  127.399954   86.602546    0.999991 
  30.000000    5.000000  433.012729  127.499953   86.602546   -0.000009 
  30.000000    5.100000  441.672984  127.499952   86.602546   -1.000009 
  30.000000    5.200000  450.333238  127.399951   86.602546   -2.000009 
  30.000000    5.300000  458.993493  127.199950   86.602546   -3.000009 
  30.000000    5.400000  467.653747  126.899949   86.602546   -4.000009 
  30.000000    5.500000  476.314002  126.499948   86.602546   -5.000009 
  30.000000    5.600000  484.974257  125.999947   86.602546   -6.000009 
  30.000000    5.700000  493.634511  125.399946   86.602546   -7.000009 
  30.000000    5.800000  502.294766  124.699945   86.602546   -8.000009 
  30.000000    5.900000  510.955020  123.899944   86.602546   -9.000009 
  30.000000    6.000000  519.615275  122.999943   86.602546  -10.000009 
  30.000000    6.100000  528.275530  121.999942   86.602546  -11.000009 
  30.000000    6.200000  536.935784  120.899942   86.602546  -12.000009 
  30.000000    6.300000  545.596039  119.699941   86.602546  -13.000009 
  30.000000    6.400000  554.256293  118.399940   86.602546  -14.000009 
  30.000000    6.500000  562.916548  116.999939   86.602546  -15.000009 
  30.000000    6.600000  571.576802  115.499938   86.602546  -16.000009 
  30.000000    6.700000  580.237057  113.899937   86.602546  -17.000009 
  30.000000    6.800000  588.897312  112.199936   86.602546  -18.000009 
  30.000000    6.900000  597.557566  110.399935   86.602546  -19.000009 
  30.000000    7.000000  606.217821  108.499934   86.602546  -20.000009 
  30.000000    7.100000  614.878075  106.499933   86.602546  -21.000009 
  30.000000    7.200000  623.538330  104.399932   86.602546  -22.000009 
  30.000000    7.300000  632.198585  102.199931   86.602546  -23.000009 
  30.000000    7.400000  640.858839   99.899930   86.602546  -24.000009 
  30.000000    7.500000  649.519094   97.499929   86.602546  -25.000009 
  30.000000    7.600000  658.179348   94.999928   86.602546  -26.000009 
  30.000000    7.700000  666.839603   92.399927   86.602546  -27.000009 
  30.000000    7.800000  675.499857   89.699926   86.602546  -28.000009 
  30.000000    7.900000  684.160112   86.899925   86.602546  -29.000009 
  30.000000    8.000000  692.820367   83.999925   86.602546  -30.000009 
  30.000000    8.100000  701.480621   80.999924   86.602546  -31.000009 
  30.000000    8.200000  710.140876   77.899923   86.602546  -32.000009 
  30.000000    8.300000  718.801130   74.699922   86.602546  -33.000009 
  30.000000    8.400000  727.461385   71.399921   86.602546  -34.000009 
  30.000000    8.500000  736.121640   67.999920   86.602546  -35.000009 
  30.000000    8.600000  744.781894   64.499919   86.602546  -36.000009 
  30.000000    8.700000  753.442149   60.899918   86.602546  -37.000009 
  30.000000    8.800000  762.102403   57.199917   86.602546  -38.000009 
  30.000000    8.900000  770.762658   53.399916   86.602546  -39.000009 
  30.000000    9.000000  779.422912   49.499915   86.602546  -40.000009 
  30.000000    9.100000  788.083167   45.499914   86.602546  -41.000009 
  30.000000    9.200000  796.743422   41.399913   86.602546  -42.000009 
  30.000000    9.300000  805.403676   37.199912   86.602546  -43.000009 
  30.000000    9.400000  814.063931   32.899911   86.602546  -44.000009 
  30.000000    9.500000  822.724185   28.499910   86.602546  -45.000009 
  30.000000    9.600000  831.384440   23.999909   86.602546  -46.000009 
  30.000000    9.700000  840.044695   19.399908   86.602546  -47.000009 
  30.000000    9.800000  848.704949   14.699908   86.602546  -48.000009 
  30.000000    9.900000  857.365204    9.899907   86.602546  -49.000009 
  30.000000   10.000000  866.025458    4.999906   86.602546  -50.000009 
  45.000000    0.000000    0.000000    0.000000   70.710690   70.710667 
  45.000000    0.100000    7.071069    7.071067   70.710690   69.710667 
  45.000000    0.200000   14.142138   14.042133   70.710690   68.710667 
  45.000000    0.300000   21.213207   20.913200   70.710690   67.710667 
  45.000000    0.400000   28.284276   27.684267   70.710690   66.710667 
  45.000000    0.500000   35.355345   34.355333   70.710690   65.710667 
  45.000000    0.600000   42.426414   40.926400   70.710690   64.710667 
  45.000000    0.700000   49.497483   47.397467   70.710690   63.710667 
  45.000000    0.800000   56.568552   53.768533   70.710690   62.710667 
  45.000000    0.900000   63.639621   60.039600   70.710690   61.710667 
  45.000000    1.000000   70.710690   66.210667   70.710690   60.710667 
  45.000000    1.100000   77.781759   72.281733   70.710690   59.710667 
  45.000000    1.200000   84.852828   78.252800   70.710690   58.710667 
  45.000000    1.300000   91.923897   84.123867   70.710690   57.710667 
  45.000000    1.400000   98.994966   89.894933   70.710690   56.710667 
  45.000000    1.500000  106.066035   95.566000   70.710690   55.710667 
  45.000000    1.600000  113.137103  101.137067   70.710690   54.710667 
  45.000000    1.700000  120.208172  106.608133   70.710690   53.710667 
  45.000000    1.800000  127.279241  111.979200   70.710690   52.710667 
  45.000000    1.900000  134.350310  117.250266   70.710690   51.710667 
  45.000000    2.000000  141.421379  122.421333   70.710690   50.710667 
  45.000000    2.100000  148.492448  127.492400   70.710690   49.710667 
  45.000000    2.200000  155.563517  132.463466   70.710690   48.710667 
  45.000000    2.300000  162.634586  137.334533   70.710690   47.710667 
  45.000000    2.400000  169.705655  142.105600   70.710690   46.710667 
  45.000000    2.500000  176.776724  146.776666   70.710690   45.710667 
  45.000000    2.600000  183.847793  151.347733   70.710690   44.710667 
  45.000000    2.700000  190.918862  155.818800   70.710690   43.710667 
  45.000000    2.800000  197.989931  160.189866   70.710690   42.710667 
  45.000000    2.900000  205.061000  164.460933   70.710690   41.710667 
  45.000000    3.000000  212.132069  168.632000   70.710690   40.710667 
  45.000000    3.100000  219.203138  172.703066   70.710690   39.710667 
  45.000000    3.200000  226.274207  176.674133   70.710690   38.710667 
  45.000000    3.300000  233.345276  180.545200   70.710690   37.710667 
  45.000000    3.400000  240.416345  184.316266   70.710690   36.710667 
  45.000000    3.500000  247.487414  187.987333   70.710690   35.710667 
  45.000000    3.600000  254.558483  191.558400   70.710690   34.710667 
  45.000000    3.700000  261.629552  195.029466   70.710690   33.710667 
  45.000000    3.800000  268.700621  198.400533   70.710690   32.710667 
  45.000000    3.900000  275.771690  201.671600   70.710690   31.710667 
  45.000000    4.000000  282.842759  204.842666   70.710690   30.710667 
  45.000000    4.100000  289.913828  207.913733   70.710690   29.710667 
  45.000000    4.200000  296.984897  210.884800   70.710690   28.710667 
  45.000000    4.300000  304.055966  213.755866   70.710690   27.710667 
  45.000000    4.400000  311.127035  216.526933   70.710690   26.710667 
  45.000000    4.500000  318.198104  219.198000   70.710690   25.710667 
  45.000000    4.600000  325.269172  221.769066   70.710690   24.710667 
  45.000000    4.700000  332.340241  224.240133   70.710690   23.710667 
  45.000000    4.800000  339.411310  226.611200   70.710690   22.710667 
  45.000000    4.900000  346.482379  228.882266   70.710690   21.710667 
  45.000000    5.000000  353.553448  231.053333   70.710690   20.710667 
  45.000000    5.100000  360.624517  233.124399   70.710690   19.710667 
  45.000000    5.200000  367.695586  235.095466   70.710690   18.710667 
  45.000000    5.300000  374.766655  236.966533   70.710690   17.710667 
  45.000000    5.400000  381.837724  238.737599   70.710690   16.710667 
  45.000000    5.500000  388.908793  240.408666   70.710690   15.710667 
  45.000000    5.600000  395.979862  241.979733   70.710690   14.710667 
  45.000000    5.700000  403.050931  243.450799   70.710690   13.710667 
  45.000000    5.800000  410.122000  244.821866   70.710690   12.710667 
  45.000000    5.900000  417.193069  246.092933   70.710690   11.710667 
  45.000000    6.000000  424.264138  247.263999   70.710690   10.710667 
  45.000000    6.100000  431.335207  248.335066   70.710690    9.710667 
  45.000000    6.200000  438.406276  249.306133   70.710690    8.710667 
  45.000000    6.300000  445.477345  250.177199   70.710690    7.710667 
  45.000000    6.400000  452.548414  250.948266   70.710690    6.710667 
  45.000000    6.500000  459.619483  251.619333   70.710690    5.710667 
  45.000000    6.600000  466.690552  252.190399   70.710690    4.710667 
  45.000000    6.700000  473.761621  252.661466   70.710690    3.710667 
  45.000000    6.800000  480.832690  253.032533   70.710690    2.710667 
  45.000000    6.900000  487.903759  253.303599   70.710690    1.710667 
  45.000000    7.000000  494.974828  253.474666   70.710690    0.710667 
  45.000000    7.100000  502.045897  253.545733   70.710690   -0.289333 
  45.000000    7.200000  509.116966  253.516799   70.710690   -1.289333 
  45.000000    7.300000  516.188035  253.387866   70.710690   -2.289333 
  45.000000    7.400000  523.259104  253.158933   70.710690   -3.289333 
  45.000000    7.500000  530.330173  252.829999   70.710690   -4.289333 
  45.000000    7.600000  537.401242  252.401066   70.710690   -5.289333 
  45.000000    7.700000  544.472310  251.872133   70.710690   -6.289333 
  45.000000    7.800000  551.543379  251.243199   70.710690   -7.289333 
  45.000000    7.900000  558.614448  250.514266   70.710690   -8.289333 
  45.000000    8.000000  565.685517  249.685333   70.710690   -9.289333 
  45.000000    8.100000  572.756586  248.756399   70.710690  -10.289333 
  45.000000    8.200000  579.827655  247.727466   70.710690  -11.289333 
  45.000000    8.300000  586.898724  246.598532   70.710690  -12.289333 
  45.000000    8.400000  593.969793  245.369599   70.710690  -13.289333 
  45.000000    8.500000  601.040862  244.040666   70.710690  -14.289333 
  45.000000    8.600000  608.111931  242.611732   70.710690  -15.289333 
  45.000000    8.700000  615.183000  241.082799   70.710690  -16.289333 
  45.000000    8.800000  622.254069  239.453866   70.710690  -17.289333 
  45.000000    8.900000  629.325138  237.724932   70.710690  -18.289333 
  45.000000    9.000000  636.396207  235.895999   70.710690  -19.289333 
  45.000000    9.100000  643.467276  233.967066   70.710690  -20.289333 
  45.000000    9.200000  650.538345  231.938132   70.710690  -21.289333 
  45.000000    9.300000  657.609414  229.809199   70.710690  -22.289333 
  45.000000    9.400000  664.680483  227.580266   70.710690  -23.289333 
  45.000000    9.500000  671.751552  225.251332   70.710690  -24.289333 
  45.000000    9.600000  678.822621  222.822399   70.710690  -25.289333 
  45.000000    9.700000  685.893690  220.293466   70.710690  -26.289333 
  45.000000    9.800000  692.964759  217.664532   70.710690  -27.289333 
  45.000000    9.900000  700.035828  214.935599   70.710690  -28.289333 
  45.000000   10.000000  707.106897  212.106666   70.710690  -29.289333 
  45.000000   10.100000  714.177966  209.177732   70.710690  -30.289333 
  45.000000   10.200000  721.249035  206.148799   70.710690  -31.289333 
  45.000000   10.300000  728.320104  203.019866   70.710690  -32.289333 
  45.000000   10.400000  735.391173  199.790932   70.710690  -33.289333 
  45.000000   10.500000  742.462242  196.461999   70.710690  -34.289333 
  45.000000   10.600000  749.533311  193.033066   70.710690  -35.289333 
  45.000000   10.700000  756.604379  189.504132   70.710690  -36.289333 
  45.000000   10.800000  763.675448  185.875199   70.710690  -37.289333 
  45.000000   10.900000  770.746517  182.146266   70.710690  -38.289333 
  45.000000   11.000000  777.817586  178.317332   70.710690  -39.289333 
  45.000000   11.100000  784.888655  174.388399   70.710690  -40.289333 
  45.000000   11.200000  791.959724  170.359466   70.710690  -41.289333 
  45.000000   11.300000  799.030793  166.230532   70.710690  -42.289333 
  45.000000   11.400000  806.101862  162.001599   70.710690  -43.289333 
  45.000000   11.500000  813.172931  157.672665   70.710690  -44.289333 
  45.000000   11.600000  820.244000  153.243732   70.710690  -45.289333 
  45.000000   11.700000  827.315069  148.714799   70.710690  -46.289333 
  45.000000   11.800000  834.386138  144.085865   70.710690  -47.289333 
  45.000000   11.900000  841.457207  139.356932   70.710690  -48.289333 
  45.000000   12.000000  848.528276  134.527999   70.710690  -49.289333 
  45.000000   12.100000  855.599345  129.599065   70.710690  -50.289333 
  45.000000   12.200000  862.670414  124.570132   70.710690  -51.289333 
  45.000000   12.300000  869.741483  119.441199   70.710690  -52.289333 
  45.000000   12.400000  876.812552  114.212265   70.710690  -53.289333 
  45.000000   12.500000  883.883621  108.883332   70.710690  -54.289333 
  45.000000   12.600000  890.954690  103.454399   70.710690  -55.289333 
  45.000000   12.700000  898.025759   97.925465   70.710690  -56.289333 
  45.000000   12.800000  905.096828   92.296532   70.710690  -57.289333 
  45.000000   12.900000  912.167897   86.567599   70.710690  -58.289333 
  45.000000   13.000000  919.238966   80.738665   70.710690  -59.289333 
  45.000000   13.100000  926.310035   74.809732   70.710690  -60.289333 
  45.000000   13.200000  933.381104   68.780799   70.710690  -61.289333 
  45.000000   13.300000  940.452173   62.651865   70.710690  -62.289333 
  45.000000   13.400000  947.523242   56.422932   70.710690  -63.289333 
  45.000000   13.500000  954.594311   50.093999   70.710690  -64.289333 
  45.000000   13.600000  961.665380   43.665065   70.710690  -65.289333 
  45.000000   13.700000  968.736449   37.136132   70.710690  -66.289333 
  45.000000   13.800000  975.807517   30.507199   70.710690  -67.289333 
  45.000000   13.900000  982.878586   23.778265   70.710690  -68.289333 
  45.000000   14.000000  989.949655   16.949332   70.710690  -69.289333 
  45.000000   14.100000  997.020724   10.020399   70.710690  -70.289333 
  45.000000   14.200000 1004.091793    2.991465   70.710690  -71.289333 
  60.000000    0.000000    0.000000    0.000000   50.000019   86.602529 
  60.000000    0.100000    5.000002    8.660253   50.000019   85.602529 
  60.000000    0.200000   10.000004   17.220506   50.000019   84.602529 
  60.000000    0.300000   15.000006   25.680759   50.000019   83.602529 
  60.000000    0.400000   20.000008   34.041012   50.000019   82.602529 
  60.000000    0.500000   25.000009   42.301265   50.000019   81.602529 
  60.000000    0.600000   30.000011   50.461518   50.000019   80.602529 
  60.000000    0.700000   35.000013   58.521771   50.000019   79.602529 
  60.000000    0.800000   40.000015   66.482024   50.000019   78.602529 
  60.000000    0.900000   45.000017   74.342277   50.000019   77.602529 
  60.000000    1.000000   50.000019   82.102529   50.000019   76.602529 
  60.000000    1.100000   55.000021   89.762782   50.000019   75.602529 
  60.000000    1.200000   60.000023   97.323035   50.000019   74.602529 
  60.000000    1.300000   65.000025  104.783288   50.000019   73.602529 
  60.000000    1.400000   70.000026  112.143541   50.000019   72.602529 
  60.000000    1.500000   75.000028  119.403794   50.000019   71.602529 
  60.000000    1.600000   80.000030  126.564047   50.000019   70.602529 
  60.000000    1.700000   85.000032  133.624300   50.000019   69.602529 
  60.000000    1.800000   90.000034  140.584553   50.000019   68.602529 
  60.000000    1.900000   95.000036  147.444806   50.000019   67.602529 
  60.000000    2.000000  100.000038  154.205059   50.000019   66.602529 
  60.000000    2.100000  105.000040  160.865312   50.000019   65.602529 
  60.000000    2.200000  110.000042  167.425565   50.000019   64.602529 
  60.000000    2.300000  115.000043  173.885818   50.000019   63.602529 
  60.000000    2.400000  120.000045  180.246071   50.000019   62.602529 
  60.000000    2.500000  125.000047  186.506324   50.000019   61.602529 
  60.000000    2.600000  130.000049  192.666577   50.000019   60.602529 
  60.000000    2.700000  135.000051  198.726830   50.000019   59.602529 
  60.000000    2.800000  140.000053  204.687083   50.000019   58.602529 
  60.000000    2.900000  145.000055  210.547336   50.000019   57.602529 
  60.000000    3.000000  150.000057  216.307588   50.000019   56.602529 
  60.000000    3.100000  155.000058  221.967841   50.000019   55.602529 
  60.000000    3.200000  160.000060  227.528094   50.000019   54.602529 
  60.000000    3.300000  165.000062  232.988347   50.000019   53.602529 
  60.000000    3.400000  170.000064  238.348600   50.000019   52.602529 
  60.000000    3.500000  175.000066  243.608853   50.000019   51.602529 
  60.000000    3.600000  180.000068  248.769106   50.000019   50.602529 
  60.000000    3.700000  185.000070  253.829359   50.000019   49.602529 
  60.000000    3.800000  190.000072  258.789612   50.000019   48.602529 
  60.000000    3.900000  195.000074  263.649865   50.000019   47.602529 
  60.000000    4.000000  200.000075  268.410118   50.000019   46.602529 
  60.000000    4.100000  205.000077  273.070371   50.000019   45.602529 
  60.000000    4.200000  210.000079  277.630624   50.000019   44.602529 
  60.000000    4.300000  215.000081  282.090877   50.000019   43.602529 
  60.000000    4.400000  220.000083  286.451130   50.000019   42.602529 
  60.000000    4.500000  225.000085  290.711383   50.000019   41.602529 
  60.000000    4.600000  230.000087  294.871636   50.000019   40.602529 
  60.000000    4.700000  235.000089  298.931889   50.000019   39.602529 
  60.000000    4.800000  240.000091  302.892142   50.000019   38.602529 
  60.000000    4.900000  245.000092  306.752394   50.000019   37.602529 
  60.000000    5.000000  250.000094  310.512647   50.000019   36.602529 
  60.000000    5.100000  255.000096  314.172900   50.000019   35.602529 
  60.000000    5.200000  260.000098  317.733153   50.000019   34.602529 
  60.000000    5.300000  265.000100  321.193406   50.000019   33.602529 
  60.000000    5.400000  270.000102  324.553659   50.000019   32.602529 
  60.000000    5.500000  275.000104  327.813912   50.000019   31.602529 
  60.000000    5.600000  280.000106  330.974165   50.000019   30.602529 
  60.000000    5.700000  285.000108  334.034418   50.000019   29.602529 
  60.000000    5.800000  290.000109  336.994671   50.000019   28.602529 
  60.000000    5.900000  295.000111  339.854924   50.000019   27.602529 
  60.000000    6.000000  300.000113  342.615177   50.000019   26.602529 
  60.000000    6.100000  305.000115  345.275430   50.000019   25.602529 
  60.000000    6.200000  310.000117  347.835683   50.000019   24.602529 
  60.000000    6.300000  315.000119  350.295936   50.000019   23.602529 
  60.000000    6.400000  320.000121  352.656189   50.000019   22.602529 
  60.000000    6.500000  325.000123  354.916442   50.000019   21.602529 
  60.000000    6.600000  330.000125  357.076695   50.000019   20.602529 
  60.000000    6.700000  335.000126  359.136948   50.000019   19.602529 
  60.000000    6.800000  340.000128  361.097200   50.000019   18.602529 
  60.000000    6.900000  345.000130  362.957453   50.000019   17.602529 
  60.000000    7.000000  350.000132  364.717706   50.000019   16.602529 
  60.000000    7.100000  355.000134  366.377959   50.000019   15.602529 
  60.000000    7.200000  360.000136  367.938212   50.000019   14.602529 
  60.000000    7.300000  365.000138  369.398465   50.000019   13.602529 
  60.000000    7.400000  370.000140  370.758718   50.000019   12.602529 
  60.000000    7.500000  375.000142  372.018971   50.000019   11.602529 
  60.000000    7.600000  380.000143  373.179224   50.000019   10.602529 
  60.000000    7.700000  385.000145  374.239477   50.000019    9.602529 
  60.000000    7.800000  390.000147  375.199730   50.000019    8.602529 
  60.000000    7.900000  395.000149  376.059983   50.000019    7.602529 
  60.000000    8.000000  400.000151  376.820236   50.000019    6.602529 
  60.000000    8.100000  405.000153  377.480489   50.000019    5.602529 
  60.000000    8.200000  410.000155  378.040742   50.000019    4.602529 
  60.000000    8.300000  415.000157  378.500995   50.000019    3.602529 
  60.000000    8.400000  420.000158  378.861248   50.000019    2.602529 
  60.000000    8.500000  425.000160  379.121501   50.000019    1.602529 
  60.000000    8.600000  430.000162  379.281754   50.000019    0.602529 
  60.000000    8.700000  435.000164  379.342007   50.000019   -0.397471 
  60.000000    8.800000  440.000166  379.302259   50.000019   -1.397471 
  60.000000    8.900000  445.000168  379.162512   50.000019   -2.397471 
  60.000000    9.000000  450.000170  378.922765   50.000019   -3.397471 
  60.000000    9.100000  455.000172  378.583018   50.000019   -4.397471 
  60.000000    9.200000  460.000174  378.143271   50.000019   -5.397471 
  60.000000    9.300000  465.000175  377.603524   50.000019   -6.397471 
  60.000000    9.400000  470.000177  376.963777   50.000019   -7.397471 
  60.000000    9.500000  475.000179  376.224030   50.000019   -8.397471 
  60.000000    9.600000  480.000181  375.384283   50.000019   -9.397471 
  60.000000    9.700000  485.000183  374.444536   50.000019  -10.397471 
  60.000000    9.800000  490.000185  373.404789   50.000019  -11.397471 
  60.000000    9.900000  495.000187  372.265042   50.000019  -12.397471 
  60.000000   10.000000  500.000189  371.025295   50.000019  -13.397471 
  60.000000   10.100000  505.000191  369.685548   50.000019  -14.397471 
  60.000000   10.200000  510.000192  368.245801   50.000019  -15.397471 
  60.000000   10.300000  515.000194  366.706054   50.000019  -16.397471 
  60.000000   10.400000  520.000196  365.066307   50.000019  -17.397471 
  60.000000   10.500000  525.000198  363.326560   50.000019  -18.397471 
  60.000000   10.600000  530.000200  361.486813   50.000019  -19.397471 
  60.000000   10.700000  535.000202  359.547065   50.000019  -20.397471 
  60.000000   10.800000  540.000204  357.507318   50.000019  -21.397471 
  60.000000   10.900000  545.000206  355.367571   50.000019  -22.397471 
  60.000000   11.000000  550.000208  353.127824   50.000019  -23.397471 
  60.000000   11.100000  555.000209  350.788077   50.000019  -24.397471 
  60.000000   11.200000  560.000211  348.348330   50.000019  -25.397471 
  60.000000   11.300000  565.000213  345.808583   50.000019  -26.397471 
  60.000000   11.400000  570.000215  343.168836   50.000019  -27.397471 
  60.000000   11.500000  575.000217  340.429089   50.000019  -28.397471 
  60.000000   11.600000  580.000219  337.589342   50.000019  -29.397471 
  60.000000   11.700000  585.000221  334.649595   50.000019  -30.397471 
  60.000000   11.800000  590.000223  331.609848   50.000019  -31.397471 
  60.000000   11.900000  595.000225  328.470101   50.000019  -32.397471 
  60.000000   12.000000  600.000226  325.230354   50.000019  -33.397471 
  60.000000   12.100000  605.000228  321.890607   50.000019  -34.397471 
  60.000000   12.200000  610.000230  318.450860   50.000019  -35.397471 
  60.000000   12.300000  615.000232  314.911113   50.000019  -36.397471 
  60.000000   12.400000  620.000234  311.271366   50.000019  -37.397471 
  60.000000   12.500000  625.000236  307.531619   50.000019  -38.397471 
  60.000000   12.600000  630.000238  303.691872   50.000019  -39.397471 
  60.000000   12.700000  635.000240  299.752124   50.000019  -40.397471 
  60.000000   12.800000  640.000242  295.712377   50.000019  -41.397471 
  60.000000   12.900000  645.000243  291.572630   50.000019  -42.397471 
  60.000000   13.000000  650.000245  287.332883   50.000019  -43.397471 
  60.000000   13.100000  655.000247  282.993136   50.000019  -44.397471 
  60.000000   13.200000  660.000249  278.553389   50.000019  -45.397471 
  60.000000   13.300000  665.000251  274.013642   50.000019  -46.397471 
  60.000000   13.400000  670.000253  269.373895   50.000019  -47.397471 
  60.000000   13.500000  675.000255  264.634148   50.000019  -48.397471 
  60.000000   13.600000  680.000257  259.794401   50.000019  -49.397471 
  60.000000   13.700000  685.000258  254.854654   50.000019  -50.397471 
  60.000000   13.800000  690.000260  249.814907   50.000019  -51.397471 
  60.000000   13.900000  695.000262  244.675160   50.000019  -52.397471 
  60.000000   14.000000  700.000264  239.435413   50.000019  -53.397471 
  60.000000   14.100000  705.000266  234.095666   50.000019  -54.397471 
  60.000000   14.200000  710.000268  228.655919   50.000019  -55.397471 
  60.000000   14.300000  715.000270  223.116172   50.000019  -56.397471 
  60.000000   14.400000  720.000272  217.476425   50.000019  -57.397471 
  60.000000   14.500000  725.000274  211.736678   50.000019  -58.397471 
  60.000000   14.600000  730.000275  205.896930   50.000019  -59.397471 
  60.000000   14.700000  735.000277  199.957183   50.000019  -60.397471 
  60.000000   14.800000  740.000279  193.917436   50.000019  -61.397471 
  60.000000   14.900000  745.000281  187.777689   50.000019  -62.397471 
  60.000000   15.000000  750.000283  181.537942   50.000019  -63.397471 
  60.000000   15.100000  755.000285  175.198195   50.000019  -64.397471 
  60.000000   15.200000  760.000287  168.758448   50.000019  -65.397471 
  60.000000   15.300000  765.000289  162.218701   50.000019  -66.397471 
  60.000000   15.400000  770.000291  155.578954   50.000019  -67.397471 
  60.000000   15.500000  775.000292  148.839207   50.000019  -68.397471 
  60.000000   15.600000  780.000294  141.999460   50.000019  -69.397471 
  60.000000   15.700000  785.000296  135.059713   50.000019  -70.397471 
  60.000000   15.800000  790.000298  128.019966   50.000019  -71.397471 
  60.000000   15.900000  795.000300  120.880219   50.000019  -72.397471 
  60.000000   16.000000  800.000302  113.640472   50.000019  -73.397471 
  60.000000   16.100000  805.000304  106.300725   50.000019  -74.397471 
  60.000000   16.200000  810.000306   98.860978   50.000019  -75.397471 
  60.000000   16.300000  815.000308   91.321231   50.000019  -76.397471 
  60.000000   16.400000  820.000309   83.681484   50.000019  -77.397471 
  60.000000   16.500000  825.000311   75.941737   50.000019  -78.397471 
  60.000000   16.600000  830.000313   68.101989   50.000019  -79.397471 
  60.000000   16.700000  835.000315   60.162242   50.000019  -80.397471 
  60.000000   16.800000  840.000317   52.122495   50.000019  -81.397471 
  60.000000   16.900000  845.000319   43.982748   50.000019  -82.397471 
  60.000000   17.000000  850.000321   35.743001   50.000019  -83.397471 
  60.000000   17.100000  855.000323   27.403254   50.000019  -84.397471 
  60.000000   17.200000  860.000325   18.963507   50.000019  -85.397471 
  60.000000   17.300000  865.000326   10.423760   50.000019  -86.397471 
  60.000000   17.400000  870.000328    1.784013   50.000019  -87.397471 
  75.000000    0.000000    0.000000    0.000000   25.881931   96.592576 
  75.000000    0.100000    2.588193    9.659258   25.881931   95.592576 
  75.000000    0.200000    5.176386   19.218515   25.881931   94.592576 
  75.000000    0.300000    7.764579   28.677773   25.881931   93.592576 
  75.000000    0.400000   10.352772   38.037030   25.881931   92.592576 
  75.000000    0.500000   12.940965   47.296288   25.881931   91.592576 
  75.000000    0.600000   15.529158   56.455545   25.881931   90.592576 
  75.000000    0.700000   18.117352   65.514803   25.881931   89.592576 
  75.000000    0.800000   20.705545   74.474060   25.881931   88.592576 
  75.000000    0.900000   23.293738   83.333318   25.881931   87.592576 
  75.000000    1.000000   25.881931   92.092576   25.881931   86.592576 
  75.000000    1.100000   28.470124  100.751833   25.881931   85.592576 
  75.000000    1.200000   31.058317  109.311091   25.881931   84.592576 
  75.000000    1.300000   33.646510  117.770348   25.881931   83.592576 
  75.000000    1.400000   36.234703  126.129606   25.881931   82.592576 
  75.000000    1.500000   38.822896  134.388863   25.881931   81.592576 
  75.000000    1.600000   41.411089  142.548121   25.881931   80.592576 
  75.000000    1.700000   43.999282  150.607378   25.881931   79.592576 
  75.000000    1.800000   46.587475  158.566636   25.881931   78.592576 
  75.000000    1.900000   49.175669  166.425894   25.881931   77.592576 
  75.000000    2.000000   51.763862  174.185151   25.881931   76.592576 
  75.000000    2.100000   54.352055  181.844409   25.881931   75.592576 
  75.000000    2.200000   56.940248  189.403666   25.881931   74.592576 
  75.000000    2.300000   59.528441  196.862924   25.881931   73.592576 
  75.000000    2.400000   62.116634  204.222181   25.881931   72.592576 
  75.000000    2.500000   64.704827  211.481439   25.881931   71.592576 
  75.000000    2.600000   67.293020  218.640697   25.881931   70.592576 
  75.000000    2.700000   69.881213  225.699954   25.881931   69.592576 
  75.000000    2.800000   72.469406  232.659212   25.881931   68.592576 
  75.000000    2.900000   75.057599  239.518469   25.881931   67.592576 
  75.000000    3.000000   77.645792  246.277727   25.881931   66.592576 
  75.000000    3.100000   80.233986  252.936984   25.881931   65.592576 
  75.000000    3.200000   82.822179  259.496242   25.881931   64.592576 
  75.000000    3.300000   85.410372  265.955499   25.881931   63.592576 
  75.000000    3.400000   87.998565  272.314757   25.881931   62.592576 
  75.000000    3.500000   90.586758  278.574015   25.881931   61.592576 
  75.000000    3.600000   93.174951  284.733272   25.881931   60.592576 
  75.000000    3.700000   95.763144  290.792530   25.881931   59.592576 
  75.000000    3.800000   98.351337  296.751787   25.881931   58.592576 
  75.000000    3.900000  100.939530  302.611045   25.881931   57.592576 
  75.000000    4.000000  103.527723  308.370302   25.881931   56.592576 
  75.000000    4.100000  106.115916  314.029560   25.881931   55.592576 
  75.000000    4.200000  108.704109  319.588817   25.881931   54.592576 
  75.000000    4.300000  111.292303  325.048075   25.881931   53.592576 
  75.000000    4.400000  113.880496  330.407333   25.881931   52.592576 
  75.000000    4.500000  116.468689  335.666590   25.881931   51.592576 
  75.000000    4.600000  119.056882  340.825848   25.881931   50.592576 
  75.000000    4.700000  121.645075  345.885105   25.881931   49.592576 
  75.000000    4.800000  124.233268  350.844363   25.881931   48.592576 
  75.000000    4.900000  126.821461  355.703620   25.881931   47.592576 
  75.000000    5.000000  129.409654  360.462878   25.881931   46.592576 
  75.000000    5.100000  131.997847  365.122135   25.881931   45.592576 
  75.000000    5.200000  134.586040  369.681393   25.881931   44.592576 
  75.000000    5.300000  137.174233  374.140651   25.881931   43.592576 
  75.000000    5.400000  139.762426  378.499908   25.881931   42.592576 
  75.000000    5.500000  142.350619  382.759166   25.881931   41.592576 
  75.000000    5.600000  144.938813  386.918423   25.881931   40.592576 
  75.000000    5.700000  147.527006  390.977681   25.881931   39.592576 
  75.000000    5.800000  150.115199  394.936938   25.881931   38.592576 
  75.000000    5.900000  152.703392  398.796196   25.881931   37.592576 
  75.000000    6.000000  155.291585  402.555453   25.881931   36.592576 
  75.000000    6.100000  157.879778  406.214711   25.881931   35.592576 
  75.000000    6.200000  160.467971  409.773969   25.881931   34.592576 
  75.000000    6.300000  163.056164  413.233226   25.881931   33.592576 
  75.000000    6.400000  165.644357  416.592484   25.881931   32.592576 
  75.000000    6.500000  168.232550  419.851741   25.881931   31.592576 
  75.000000    6.600000  170.820743  423.010999   25.881931   30.592576 
  75.000000    6.700000  173.408936  426.070256   25.881931   29.592576 
  75.000000    6.800000  175.997130  429.029514   25.881931   28.592576 
  75.000000    6.900000  178.585323  431.888772   25.881931   27.592576 
  75.000000    7.000000  181.173516  434.648029   25.881931   26.592576 
  75.000000    7.100000  183.761709  437.307287   25.881931   25.592576 
  75.000000    7.200000  186.349902  439.866544   25.881931   24.592576 
  75.000000    7.300000  188.938095  442.325802   25.881931   23.592576 
  75.000000    7.400000  191.526288  444.685059   25.881931   22.592576 
  75.000000    7.500000  194.114481  446.944317   25.881931   21.592576 
  75.000000    7.600000  196.702674  449.103574   25.881931   20.592576 
  75.000000    7.700000  199.290867  451.162832   25.881931   19.592576 
  75.000000    7.800000  201.879060  453.122090   25.881931   18.592576 
  75.000000    7.900000  204.467253  454.981347   25.881931   17.592576 
  75.000000    8.000000  207.055447  456.740605   25.881931   16.592576 
  75.000000    8.100000  209.643640  458.399862   25.881931   15.592576 
  75.000000    8.200000  212.231833  459.959120   25.881931   14.592576 
  75.000000    8.300000  214.820026  461.418377   25.881931   13.592576 
  75.000000    8.400000  217.408219  462.777635   25.881931   12.592576 
  75.000000    8.500000  219.996412  464.036892   25.881931   11.592576 
  75.000000    8.600000  222.584605  465.196150   25.881931   10.592576 
  75.000000    8.700000  225.172798  466.255408   25.881931    9.592576 
  75.000000    8.800000  227.760991  467.214665   25.881931    8.592576 
  75.000000    8.900000  230.349184  468.073923   25.881931    7.592576 
  75.000000    9.000000  232.937377  468.833180   25.881931    6.592576 
  75.000000    9.100000  235.525570  469.492438   25.881931    5.592576 
  75.000000    9.200000  238.113764  470.051695   25.881931    4.592576 
  75.000000    9.300000  240.701957  470.510953   25.881931    3.592576 
  75.000000    9.400000  243.290150  470.870210   25.881931    2.592576 
  75.000000    9.500000  245.878343  471.129468   25.881931    1.592576 
  75.000000    9.600000  248.466536  471.288726   25.881931    0.592576 
  75.000000    9.700000  251.054729  471.347983   25.881931   -0.407424 
  75.000000    9.800000  253.642922  471.307241   25.881931   -1.407424 
  75.000000    9.900000  256.231115  471.166498   25.881931   -2.407424 
  75.000000   10.000000  258.819308  470.925756   25.881931   -3.407424 
  75.000000   10.100000  261.407501  470.585013   25.881931   -4.407424 
  75.000000   10.200000  263.995694  470.144271   25.881931   -5.407424 
  75.000000   10.300000  266.583887  469.603528   25.881931   -6.407424 
  75.000000   10.400000  269.172080  468.962786   25.881931   -7.407424 
  75.000000   10.500000  271.760274  468.222044   25.881931   -8.407424 
  75.000000   10.600000  274.348467  467.381301   25.881931   -9.407424 
  75.000000   10.700000  276.936660  466.440559   25.881931  -10.407424 
  75.000000   10.800000  279.524853  465.399816   25.881931  -11.407424 
  75.000000   10.900000  282.113046  464.259074   25.881931  -12.407424 
  75.000000   11.000000  284.701239  463.018331   25.881931  -13.407424 
  75.000000   11.100000  287.289432  461.677589   25.881931  -14.407424 
  75.000000   11.200000  289.877625  460.236847   25.881931  -15.407424 
  75.000000   11.300000  292.465818  458.696104   25.881931  -16.407424 
  75.000000   11.400000  295.054011  457.055362   25.881931  -17.407424 
  75.000000   11.500000  297.642204  455.314619   25.881931  -18.407424 
  75.000000   11.600000  300.230397  453.473877   25.881931  -19.407424 
  75.000000   11.700000  302.818591  451.533134   25.881931  -20.407424 
  75.000000   11.800000  305.406784  449.492392   25.881931  -21.407424 
  75.000000   11.900000  307.994977  447.351649   25.881931  -22.407424 
  75.000000   12.000000  310.583170  445.110907   25.881931  -23.407424 
  75.000000   12.100000  313.171363  442.770165   25.881931  -24.407424 
  75.000000   12.200000  315.759556  440.329422   25.881931  -25.407424 
  75.000000   12.300000  318.347749  437.788680   25.881931  -26.407424 
  75.000000   12.400000  320.935942  435.147937   25.881931  -27.407424 
  75.000000   12.500000  323.524135  432.407195   25.881931  -28.407424 
  75.000000   12.600000  326.112328  429.566452   25.881931  -29.407424 
  75.000000   12.700000  328.700521  426.625710   25.881931  -30.407424 
  75.000000   12.800000  331.288714  423.584967   25.881931  -31.407424 
  75.000000   12.900000  333.876908  420.444225   25.881931  -32.407424 
  75.000000   13.000000  336.465101  417.203483   25.881931  -33.407424 
  75.000000   13.100000  339.053294  413.862740   25.881931  -34.407424 
  75.000000   13.200000  341.641487  410.421998   25.881931  -35.407424 
  75.000000   13.300000  344.229680  406.881255   25.881931  -36.407424 
  75.000000   13.400000  346.817873  403.240513   25.881931  -37.407424 
  75.000000   13.500000  349.406066  399.499770   25.881931  -38.407424 
  75.000000   13.600000  351.994259  395.659028   25.881931  -39.407424 
  75.000000   13.700000  354.582452  391.718285   25.881931  -40.407424 
  75.000000   13.800000  357.170645  387.677543   25.881931  -41.407424 
  75.000000   13.900000  359.758838  383.536801   25.881931  -42.407424 
  75.000000   14.000000  362.347031  379.296058   25.881931  -43.407424 
  75.000000   14.100000  364.935224  374.955316   25.881931  -44.407424 
  75.000000   14.200000  367.523418  370.514573   25.881931  -45.407424 
  75.000000   14.300000  370.111611  365.973831   25.881931  -46.407424 
  75.000000   14.400000  372.699804  361.333088   25.881931  -47.407424 
  75.000000   14.500000  375.287997  356.592346   25.881931  -48.407424 
  75.000000   14.600000  377.876190  351.751603   25.881931  -49.407424 
  75.000000   14.700000  380.464383  346.810861   25.881931  -50.407424 
  75.000000   14.800000  383.052576  341.770119   25.881931  -51.407424 
  75.000000   14.900000  385.640769  336.629376   25.881931  -52.407424 
  75.000000   15.000000  388.228962  331.388634   25.881931  -53.407424 
  75.000000   15.100000  390.817155  326.047891   25.881931  -54.407424 
  75.000000   15.200000  393.405348  320.607149   25.881931  -55.407424 
  75.000000   15.300000  395.993541  315.066406   25.881931  -56.407424 
  75.000000   15.400000  398.581735  309.425664   25.881931  -57.407424 
  75.000000   15.500000  401.169928  303.684921   25.881931  -58.407424 
  75.000000   15.600000  403.758121  297.844179   25.881931  -59.407424 
  75.000000   15.700000  406.346314  291.903437   25.881931  -60.407424 
  75.000000   15.800000  408.934507  285.862694   25.881931  -61.407424 
  75.000000   15.900000  411.522700  279.721952   25.881931  -62.407424 
  75.000000   16.000000  414.110893  273.481209   25.881931  -63.407424 
  75.000000   16.100000  416.699086  267.140467   25.881931  -64.407424 
  75.000000   16.200000  419.287279  260.699724   25.881931  -65.407424 
  75.000000   16.300000  421.875472  254.158982   25.881931  -66.407424 
  75.000000   16.400000  424.463665  247.518240   25.881931  -67.407424 
  75.000000   16.500000  427.051858  240.777497   25.881931  -68.407424 
  75.000000   16.600000  429.640052  233.936755   25.881931  -69.407424 
  75.000000   16.700000  432.228245  226.996012   25.881931  -70.407424 
  75.000000   16.800000  434.816438  219.955270   25.881931  -71.407424 
  75.000000   16.900000  437.404631  212.814527   25.881931  -72.407424 
  75.000000   17.000000  439.992824  205.573785   25.881931  -73.407424 
  75.000000   17.100000  442.581017  198.233042   25.881931  -74.407424 
  75.000000   17.200000  445.169210  190.792300   25.881931  -75.407424 
  75.000000   17.300000  447.757403  183.251558   25.881931  -76.407424 
  75.000000   17.400000  450.345596  175.610815   25.881931  -77.407424 
  75.000000   17.500000  452.933789  167.870073   25.881931  -78.407424 
  75.000000   17.600000  455.521982  160.029330   25.881931  -79.407424 
  75.000000   17.700000  458.110175  152.088588   25.881931  -80.407424 
  75.000000   17.800000  460.698369  144.047845   25.881931  -81.407424 
  75.000000   17.900000  463.286562  135.907103   25.881931  -82.407424 
  75.000000   18.000000  465.874755  127.666360   25.881931  -83.407424 
  75.000000   18.100000  468.462948  119.325618   25.881931  -84.407424 
  75.000000   18.200000  471.051141  110.884876   25.881931  -85.407424 
  75.000000   18.300000  473.639334  102.344133   25.881931  -86.407424 
  75.000000   18.400000  476.227527   93.703391   25.881931  -87.407424 
  75.000000   18.500000  478.815720   84.962648   25.881931  -88.407424 
  75.000000   18.600000  481.403913   76.121906   25.881931  -89.407424 
  75.000000   18.700000  483.992106   67.181163   25.881931  -90.407424 
  75.000000   18.800000  486.580299   58.140421   25.881931  -91.407424 
  75.000000   18.900000  489.168492   48.999678   25.881931  -92.407424 
  75.000000   19.000000  491.756685   39.758936   25.881931  -93.407424 
  75.000000   19.100000  494.344879   30.418194   25.881931  -94.407424 
  75.000000   19.200000  496.933072   20.977451   25.881931  -95.407424 
  75.000000   19.300000  499.521265   11.436709   25.881931  -96.407424 
  75.000000   19.400000  502.109458    1.795966   25.881931  -97.407424 
  90.000000    0.000000    0.000000    0.000000    0.000033  100.000000 
  90.000000    0.100000    0.000003   10.000000    0.000033   99.000000 
  90.000000    0.200000    0.000007   19.900000    0.000033   98.000000 
  90.000000    0.300000    0.000010   29.700000    0.000033   97.000000 
  90.000000    0.400000    0.000013   39.400000    0.000033   96.000000 
  90.000000    0.500000    0.000016   49.000000    0.000033   95.000000 
  90.000000    0.600000    0.000020   58.500000    0.000033   94.000000 
  90.000000    0.700000    0.000023   67.900000    0.000033   93.000000 
  90.000000    0.800000    0.000026   77.200000    0.000033   92.000000 
  90.000000    0.900000    0.000029   86.400000    0.000033   91.000000 
  90.000000    1.000000    0.000033   95.500000    0.000033   90.000000 
  90.000000    1.100000    0.000036  104.500000    0.000033   89.000000 
  90.000000    1.200000    0.000039  113.400000    0.000033   88.000000 
  90.000000    1.300000    0.000042  122.200000    0.000033   87.000000 
  90.000000    1.400000    0.000046  130.900000    0.000033   86.000000 
  90.000000    1.500000    0.000049  139.500000    0.000033   85.000000 
  90.000000    1.600000    0.000052  148.000000    0.000033   84.000000 
  90.000000    1.700000    0.000056  156.400000    0.000033   83.000000 
  90.000000    1.800000    0.000059  164.700000    0.000033   82.000000 
  90.000000    1.900000    0.000062  172.900000    0.000033   81.000000 
  90.000000    2.000000    0.000065  181.000000    0.000033   80.000000 
  90.000000    2.100000    0.000069  189.000000    0.000033   79.000000 
  90.000000    2.200000    0.000072  196.900000    0.000033   78.000000 
  90.000000    2.300000    0.000075  204.700000    0.000033   77.000000 
  90.000000    2.400000    0.000078  212.400000    0.000033   76.000000 
  90.000000    2.500000    0.000082  220.000000    0.000033   75.000000 
  90.000000    2.600000    0.000085  227.500000    0.000033   74.000000 
  90.000000    2.700000    0.000088  234.900000    0.000033   73.000000 
  90.000000    2.800000    0.000092  242.200000    0.000033   72.000000 
  90.000000    2.900000    0.000095  249.400000    0.000033   71.000000 
  90.000000    3.000000    0.000098  256.500000    0.000033   70.000000 
  90.000000    3.100000    0.000101  263.500000    0.000033   69.000000 
  90.000000    3.200000    0.000105  270.400000    0.000033   68.000000 
  90.000000    3.300000    0.000108  277.200000    0.000033   67.000000 
  90.000000    3.400000    0.000111  283.900000    0.000033   66.000000 
  90.000000    3.500000    0.000114  290.500000    0.000033   65.000000 
  90.000000    3.600000    0.000118  297.000000    0.000033   64.000000 
  90.000000    3.700000    0.000121  303.400000    0.000033   63.000000 
  90.000000    3.800000    0.000124  309.700000    0.000033   62.000000 
  90.000000    3.900000    0.000127  315.900000    0.000033   61.000000 
  90.000000    4.000000    0.000131  322.000000    0.000033   60.000000 
  90.000000    4.100000    0.000134  328.000000    0.000033   59.000000 
  90.000000    4.200000    0.000137  333.900000    0.000033   58.000000 
  90.000000    4.300000    0.000141  339.700000    0.000033   57.000000 
  90.000000    4.400000    0.000144  345.400000    0.000033   56.000000 
  90.000000    4.500000    0.000147  351.000000    0.000033   55.000000 
  90.000000    4.600000    0.000150  356.500000    0.000033   54.000000 
  90.000000    4.700000    0.000154  361.900000    0.000033   53.000000 
  90.000000    4.800000    0.000157  367.200000    0.000033   52.000000 
  90.000000    4.900000    0.000160  372.400000    0.000033   51.000000 
  90.000000    5.000000    0.000163  377.500000    0.000033   50.000000 
  90.000000    5.100000    0.000167  382.500000    0.000033   49.000000 
  90.000000    5.200000    0.000170  387.400000    0.000033   48.000000 
  90.000000    5.300000    0.000173  392.200000    0.000033   47.000000 
  90.000000    5.400000    0.000176  396.900000    0.000033   46.000000 
  90.000000    5.500000    0.000180  401.500000    0.000033   45.000000 
  90.000000    5.600000    0.000183  406.000000    0.000033   44.000000 
  90.000000    5.700000    0.000186  410.400000    0.000033   43.000000 
  90.000000    5.800000    0.000190  414.700000    0.000033   42.000000 
  90.000000    5.900000    0.000193  418.900000    0.000033   41.000000 
  90.000000    6.000000    0.000196  423.000000    0.000033   40.000000 
  90.000000    6.100000    0.000199  427.000000    0.000033   39.000000 
  90.000000    6.200000    0.000203  430.900000    0.000033   38.000000 
  90.000000    6.300000    0.000206  434.700000    0.000033   37.000000 
  90.000000    6.400000    0.000209  438.400000    0.000033   36.000000 
  90.000000    6.500000    0.000212  442.000000    0.000033   35.000000 
  90.000000    6.600000    0.000216  445.500000    0.000033   34.000000 
  90.000000    6.700000    0.000219  448.900000    0.000033   33.000000 
  90.000000    6.800000    0.000222  452.200000    0.000033   32.000000 
  90.000000    6.900000    0.000225  455.400000    0.000033   31.000000 
  90.000000    7.000000    0.000229  458.500000    0.000033   30.000000 
  90.000000    7.100000    0.000232  461.500000    0.000033   29.000000 
  90.000000    7.200000    0.000235  464.400000    0.000033   28.000000 
  90.000000    7.300000    0.000239  467.200000    0.000033   27.000000 
  90.000000    7.400000    0.000242  469.900000    0.000033   26.000000 
  90.000000    7.500000    0.000245  472.500000    0.000033   25.000000 
  90.000000    7.600000    0.000248  475.000000    0.000033   24.000000 
  90.000000    7.700000    0.000252  477.400000    0.000033   23.000000 
  90.000000    7.800000    0.000255  479.700000    0.000033   22.000000 
  90.000000    7.900000    0.000258  481.900000    0.000033   21.000000 
  90.000000    8.000000    0.000261  484.000000    0.000033   20.000000 
  90.000000    8.100000    0.000265  486.000000    0.000033   19.000000 
  90.000000    8.200000    0.000268  487.900000    0.000033   18.000000 
  90.000000    8.300000    0.000271  489.700000    0.000033   17.000000 
  90.000000    8.400000    0.000275  491.400000    0.000033   16.000000 
  90.000000    8.500000    0.000278  493.000000    0.000033   15.000000 
  90.000000    8.600000    0.000281  494.500000    0.000033   14.000000 
  90.000000    8.700000    0.000284  495.900000    0.000033   13.000000 
  90.000000    8.800000    0.000288  497.200000    0.000033   12.000000 
  90.000000    8.900000    0.000291  498.400000    0.000033   11.000000 
  90.000000    9.000000    0.000294  499.500000    0.000033   10.000000 
  90.000000    9.100000    0.000297  500.500000    0.000033    9.000000 
  90.000000    9.200000    0.000301  501.400000    0.000033    8.000000 
  90.000000    9.300000    0.000304  502.200000    0.000033    7.000000 
  90.000000    9.400000    0.000307  502.900000    0.000033    6.000000 
  90.000000    9.500000    0.000310  503.500000    0.000033    5.000000 
  90.000000    9.600000    0.000314  504.000000    0.000033    4.000000 
  90.000000    9.700000    0.000317  504.400000    0.000033    3.000000 
  90.000000    9.800000    0.000320  504.700000    0.000033    2.000000 
  90.000000    9.900000    0.000324  504.900000    0.000033    1.000000 
  90.000000   10.000000    0.000327  505.000000    0.000033   -0.000000 
  90.000000   10.100000    0.000330  505.000000    0.000033   -1.000000 
  90.000000   10.200000    0.000333  504.900000    0.000033   -2.000000 
  90.000000   10.300000    0.000337  504.700000    0.000033   -3.000000 
  90.000000   10.400000    0.000340  504.400000    0.000033   -4.000000 
  90.000000   10.500000    0.000343  504.000000    0.000033   -5.000000 
  90.000000   10.600000    0.000346  503.500000    0.000033   -6.000000 
  90.000000   10.700000    0.000350  502.900000    0.000033   -7.000000 
  90.000000   10.800000    0.000353  502.200000    0.000033   -8.000000 
  90.000000   10.900000    0.000356  501.400000    0.000033   -9.000000 
  90.000000   11.000000    0.000359  500.500000    0.000033  -10.000000 
  90.000000   11.100000    0.000363  499.500000    0.000033  -11.000000 
  90.000000   11.200000    0.000366  498.400000    0.000033  -12.000000 
  90.000000   11.300000    0.000369  497.200000    0.000033  -13.000000 
  90.000000   11.400000    0.000373  495.900000    0.000033  -14.000000 
  90.000000   11.500000    0.000376  494.500000    0.000033  -15.000000 
  90.000000   11.600000    0.000379  493.000000    0.000033  -16.000000 
  90.000000   11.700000    0.000382  491.400000    0.000033  -17.000000 
  90.000000   11.800000    0.000386  489.700000    0.000033  -18.000000 
  90.000000   11.900000    0.000389  487.900000    0.000033  -19.000000 
  90.000000   12.000000    0.000392  486.000000    0.000033  -20.000000 
  90.000000   12.100000    0.000395  484.000000    0.000033  -21.000000 
  90.000000   12.200000    0.000399  481.900000    0.000033  -22.000000 
  90.000000   12.300000    0.000402  479.700000    0.000033  -23.000000 
  90.000000   12.400000    0.000405  477.400000    0.000033  -24.000000 
  90.000000   12.500000    0.000408  475.000000    0.000033  -25.000000 
  90.000000   12.600000    0.000412  472.500000    0.000033  -26.000000 
  90.000000   12.700000    0.000415  469.900000    0.000033  -27.000000 
  90.000000   12.800000    0.000418  467.200000    0.000033  -28.000000 
  90.000000   12.900000    0.000422  464.400000    0.000033  -29.000000 
  90.000000   13.000000    0.000425  461.500000    0.000033  -30.000000 
  90.000000   13.100000    0.000428  458.500000    0.000033  -31.000000 
  90.000000   13.200000    0.000431  455.400000    0.000033  -32.000000 
  90.000000   13.300000    0.000435  452.200000    0.000033  -33.000000 
  90.000000   13.400000    0.000438  448.900000    0.000033  -34.000000 
  90.000000   13.500000    0.000441  445.500000    0.000033  -35.000000 
  90.000000   13.600000    0.000444  442.000000    0.000033  -36.000000 
  90.000000   13.700000    0.000448  438.400000    0.000033  -37.000000 
  90.000000   13.800000    0.000451  434.700000    0.000033  -38.000000 
  90.000000   13.900000    0.000454  430.900000    0.000033  -39.000000 
  90.000000   14.000000    0.000458  427.000000    0.000033  -40.000000 
  90.000000   14.100000    0.000461  423.000000    0.000033  -41.000000 
  90.000000   14.200000    0.000464  418.900000    0.000033  -42.000000 
  90.000000   14.300000    0.000467  414.700000    0.000033  -43.000000 
  90.000000   14.400000    0.000471  410.400000    0.000033  -44.000000 
  90.000000   14.500000    0.000474  406.000000    0.000033  -45.000000 
  90.000000   14.600000    0.000477  401.500000    0.000033  -46.000000 
  90.000000   14.700000    0.000480  396.900000    0.000033  -47.000000 
  90.000000   14.800000    0.000484  392.200000    0.000033  -48.000000 
  90.000000   14.900000    0.000487  387.400000    0.000033  -49.000000 
  90.000000   15.000000    0.000490  382.500000    0.000033  -50.000000 
  90.000000   15.100000    0.000493  377.500000    0.000033  -51.000000 
  90.000000   15.200000    0.000497  372.400000    0.000033  -52.000000 
  90.000000   15.300000    0.000500  367.200000    0.000033  -53.000000 
  90.000000   15.400000    0.000503  361.900000    0.000033  -54.000000 
  90.000000   15.500000    0.000507  356.500000    0.000033  -55.000000 
  90.000000   15.600000    0.000510  351.000000    0.000033  -56.000000 
  90.000000   15.700000    0.000513  345.400000    0.000033  -57.000000 
  90.000000   15.800000    0.000516  339.700000    0.000033  -58.000000 
  90.000000   15.900000    0.000520  333.900000    0.000033  -59.000000 
  90.000000   16.000000    0.000523  328.000000    0.000033  -60.000000 
  90.000000   16.100000    0.000526  322.000000    0.000033  -61.000000 
  90.000000   16.200000    0.000529  315.900000    0.000033  -62.000000 
  90.000000   16.300000    0.000533  309.700000    0.000033  -63.000000 
  90.000000   16.400000    0.000536  303.400000    0.000033  -64.000000 
  90.000000   16.500000    0.000539  297.000000    0.000033  -65.000000 
  90.000000   16.600000    0.000542  290.500000    0.000033  -66.000000 
  90.000000   16.700000    0.000546  283.900000    0.000033  -67.000000 
  90.000000   16.800000    0.000549  277.200000    0.000033  -68.000000 
  90.000000   16.900000    0.000552  270.400000    0.000033  -69.000000 
  90.000000   17.000000    0.000556  263.500000    0.000033  -70.000000 
  90.000000   17.100000    0.000559  256.500000    0.000033  -71.000000 
  90.000000   17.200000    0.000562  249.400000    0.000033  -72.000000 
  90.000000   17.300000    0.000565  242.200000    0.000033  -73.000000 
  90.000000   17.400000    0.000569  234.900000    0.000033  -74.000000 
  90.000000   17.500000    0.000572  227.500000    0.000033  -75.000000 
  90.000000   17.600000    0.000575  220.000000    0.000033  -76.000000 
  90.000000   17.700000    0.000578  212.400000    0.000033  -77.000000 
  90.000000   17.800000    0.000582  204.700000    0.000033  -78.000000 
  90.000000   17.900000    0.000585  196.900000    0.000033  -79.000000 
  90.000000   18.000000    0.000588  189.000000    0.000033  -80.000000 
  90.000000   18.100000    0.000591  181.000000    0.000033  -81.000000 
  90.000000   18.200000    0.000595  172.900000    0.000033  -82.000000 
  90.000000   18.300000    0.000598  164.700000    0.000033  -83.000000 
  90.000000   18.400000    0.000601  156.400000    0.000033  -84.000000 
  90.000000   18.500000    0.000605  148.000000    0.000033  -85.000000 
  90.000000   18.600000    0.000608  139.500000    0.000033  -86.000000 
  90.000000   18.700000    0.000611  130.900000    0.000033  -87.000000 
  90.000000   18.800000    0.000614  122.200000    0.000033  -88.000000 
  90.000000   18.900000    0.000618  113.400000    0.000033  -89.000000 
  90.000000   19.000000    0.000621  104.500000    0.000033  -90.000000 
  90.000000   19.100000    0.000624   95.500000    0.000033  -91.000000 
  90.000000   19.200000    0.000627   86.400000    0.000033  -92.000000 
  90.000000   19.300000    0.000631   77.200000    0.000033  -93.000000 
  90.000000   19.400000    0.000634   67.900000    0.000033  -94.000000 
  90.000000   19.500000    0.000637   58.500000    0.000033  -95.000000 
  90.000000   19.600000    0.000641   49.000000    0.000033  -96.000000 
  90.000000   19.700000    0.000644   39.400000    0.000033  -97.000000 
  90.000000   19.800000    0.000647   29.700000    0.000033  -98.000000 
  90.000000   19.900000    0.000650   19.900000    0.000033  -99.000000 
  90.000000   20.000000    0.000654   10.000000    0.000033 -100.000000 
